25	7	7	72	9	7	99	38	24	4	41	37	15	13	4	229	13	15	34	3	48	34	17	53	6	37	185	32	21	42	46	1	21	46	141	1
25	7	7	72	9	7	99	38	24	4	41	37	15	13	4	229	13	15	34	3	48	34	17	53	6	37	185	32	21	42	46	1	21	46	141	1
25	7	7	72	9	7	99	38	24	4	41	37	15	13	4	229	13	15	34	3	48	34	17	53	6	37	185	32	21	42	46	1	21	46	141	1
25	7	7	72	9	7	99	38	24	4	41	37	15	13	4	229	13	15	34	3	48	34	17	53	6	37	185	32	21	42	46	1	21	46	141	1
25	7	7	72	9	7	99	38	24	4	41	37	15	13	4	229	13	15	34	3	48	34	17	53	6	37	185	32	21	42	46	1	21	46	141	1
25	7	7	72	9	7	99	38	24	4	41	37	15	13	4	229	13	15	34	3	48	34	17	53	6	37	185	32	21	42	46	1	21	46	141	1
56	44	67	56	11	12	84	52	12	5	84	61	35	2	11	5	2	11	18	18	44	26	23	209	26	61	430	366	23	71	170	2	71	105	157	2
56	44	67	56	11	12	84	52	12	5	84	61	35	2	11	5	2	11	18	18	44	26	23	209	26	61	430	366	23	71	170	2	71	105	157	2
56	44	67	56	11	12	84	52	12	5	84	61	35	2	11	5	2	11	18	18	44	26	23	209	26	61	430	366	23	71	170	2	71	105	157	2
56	44	67	56	11	12	84	52	12	5	84	61	35	2	11	5	2	11	18	18	44	26	23	209	26	61	430	366	23	71	170	2	71	105	157	2
56	44	67	56	11	12	84	52	12	5	84	61	35	2	11	5	2	11	18	18	44	26	23	209	26	61	430	366	23	71	170	2	71	105	157	2
56	44	67	56	11	12	84	52	12	5	84	61	35	2	11	5	2	11	18	18	44	26	23	209	26	61	430	366	23	71	170	2	71	105	157	2
76	28	81	187	218	81	187	104	100	8	87	16	39	8	14	104	69	19	60	60	19	28	0	438	28	39	14	0	10	248	28	16	10	337	100	10
76	28	81	187	218	81	187	104	100	8	87	16	39	8	14	104	69	19	60	60	19	28	0	438	28	39	14	0	10	248	28	16	10	337	100	10
76	28	81	187	218	81	187	104	100	8	87	16	39	8	14	104	69	19	60	60	19	28	0	438	28	39	14	0	10	248	28	16	10	337	100	10
76	28	81	187	218	81	187	104	100	8	87	16	39	8	14	104	69	19	60	60	19	28	0	438	28	39	14	0	10	248	28	16	10	337	100	10
76	28	81	187	218	81	187	104	100	8	87	16	39	8	14	104	69	19	60	60	19	28	0	438	28	39	14	0	10	248	28	16	10	337	100	10
76	28	81	187	218	81	187	104	100	8	87	16	39	8	14	104	69	19	60	60	19	28	0	438	28	39	14	0	10	248	28	16	10	337	100	10
79	64	64	66	36	86	224	222	110	22	88	115	59	20	22	36	66	36	93	54	66	55	54	115	113	115	54	0	27	90	113	20	90	36	347	20
79	64	64	66	36	86	224	222	110	22	88	115	59	20	22	36	66	36	93	54	66	55	54	115	113	115	54	0	27	90	113	20	90	36	347	20
79	64	64	66	36	86	224	222	110	22	88	115	59	20	22	36	66	36	93	54	66	55	54	115	113	115	54	0	27	90	113	20	90	36	347	20
79	64	64	66	36	86	224	222	110	22	88	115	59	20	22	36	66	36	93	54	66	55	54	115	113	115	54	0	27	90	113	20	90	36	347	20
79	64	64	66	36	86	224	222	110	22	88	115	59	20	22	36	66	36	93	54	66	55	54	115	113	115	54	0	27	90	113	20	90	36	347	20
79	64	64	66	36	86	224	222	110	22	88	115	59	20	22	36	66	36	93	54	66	55	54	115	113	115	54	0	27	90	113	20	90	36	347	20
122	62	62	122	43	154	122	30	154	117	211	489	68	29	30	43	96	43	380	95	96	62	0	495	62	68	30	125	45	275	125	29	45	125	0	244
122	62	62	122	43	154	122	30	154	117	211	489	68	29	30	43	96	43	380	95	96	62	0	495	62	68	30	125	45	275	125	29	45	125	0	244
122	62	62	122	43	154	122	30	154	117	211	489	68	29	30	43	96	43	380	95	96	62	0	495	62	68	30	125	45	275	125	29	45	125	0	244
122	62	62	122	43	154	122	30	154	117	211	489	68	29	30	43	96	43	380	95	96	62	0	495	62	68	30	125	45	275	125	29	45	125	0	244
122	62	62	122	43	154	122	30	154	117	211	489	68	29	30	43	96	43	380	95	96	62	0	495	62	68	30	125	45	275	125	29	45	125	0	244
122	62	62	122	43	154	122	30	154	117	211	489	68	29	30	43	96	43	380	95	96	62	0	495	62	68	30	125	45	275	125	29	45	125	0	244
156	63	63	220	273	182	220	31	216	65	491	0	47	40	31	65	144	47	424	49	47	63	49	0	63	153	479	0	49	153	129	40	49	129	216	49
156	63	63	220	273	182	220	31	216	65	491	0	47	40	31	65	144	47	424	49	47	63	49	0	63	153	479	0	49	153	129	40	49	129	216	49
156	63	63	220	273	182	220	31	216	65	491	0	47	40	31	65	144	47	424	49	47	63	49	0	63	153	479	0	49	153	129	40	49	129	216	49
156	63	63	220	273	182	220	31	216	65	491	0	47	40	31	65	144	47	424	49	47	63	49	0	63	153	479	0	49	153	129	40	49	129	216	49
156	63	63	220	273	182	220	31	216	65	491	0	47	40	31	65	144	47	424	49	47	63	49	0	63	153	479	0	49	153	129	40	49	129	216	49
156	63	63	220	273	182	220	31	216	65	491	0	47	40	31	65	144	47	424	49	47	63	49	0	63	153	479	0	49	153	129	40	49	129	216	49
388	77	107	168	309	107	263	33	304	106	263	0	74	50	33	106	168	89	0	212	77	102	83	0	102	74	83	158	146	74	158	50	146	158	0	50
388	77	107	168	309	107	263	33	304	106	263	0	74	50	33	106	168	89	0	212	77	102	83	0	102	74	83	158	146	74	158	50	146	158	0	50
388	77	107	168	309	107	263	33	304	106	263	0	74	50	33	106	168	89	0	212	77	102	83	0	102	74	83	158	146	74	158	50	146	158	0	50
388	77	107	168	309	107	263	33	304	106	263	0	74	50	33	106	168	89	0	212	77	102	83	0	102	74	83	158	146	74	158	50	146	158	0	50
388	77	107	168	309	107	263	33	304	106	263	0	74	50	33	106	168	89	0	212	77	102	83	0	102	74	83	158	146	74	158	50	146	158	0	50
388	77	107	168	309	107	263	33	304	106	263	0	74	50	33	106	168	89	0	212	77	102	83	0	102	74	83	158	146	74	158	50	146	158	0	50
197	80	136	197	0	136	197	166	136	51	0	0	82	119	51	166	119	82	0	101	80	145	101	0	103	119	101	0	299	58	103	75	58	103	0	58
197	80	136	197	0	136	197	166	136	51	0	0	82	119	51	166	119	82	0	101	80	145	101	0	103	119	101	0	299	58	103	75	58	103	0	58
197	80	136	197	0	136	197	166	136	51	0	0	82	119	51	166	119	82	0	101	80	145	101	0	103	119	101	0	299	58	103	75	58	103	0	58
197	80	136	197	0	136	197	166	136	51	0	0	82	119	51	166	119	82	0	101	80	145	101	0	103	119	101	0	299	58	103	75	58	103	0	58
197	80	136	197	0	136	197	166	136	51	0	0	82	119	51	166	119	82	0	101	80	145	101	0	103	119	101	0	299	58	103	75	58	103	0	58
197	80	136	197	0	136	197	166	136	51	0	0	82	119	51	166	119	82	0	101	80	145	101	0	103	119	101	0	299	58	103	75	58	103	0	58
396	92	92	396	91	258	292	266	258	116	292	0	112	131	57	116	247	91	131	123	98	92	123	0	92	112	57	0	123	73	183	188	73	183	0	73
396	92	92	396	91	258	292	266	258	116	292	0	112	131	57	116	247	91	131	123	98	92	123	0	92	112	57	0	123	73	183	188	73	183	0	73
396	92	92	396	91	258	292	266	258	116	292	0	112	131	57	116	247	91	131	123	98	92	123	0	92	112	57	0	123	73	183	188	73	183	0	73
396	92	92	396	91	258	292	266	258	116	292	0	112	131	57	116	247	91	131	123	98	92	123	0	92	112	57	0	123	73	183	188	73	183	0	73
396	92	92	396	91	258	292	266	258	116	292	0	112	131	57	116	247	91	131	123	98	92	123	0	92	112	57	0	123	73	183	188	73	183	0	73
396	92	92	396	91	258	292	266	258	116	292	0	112	131	57	116	247	91	131	123	98	92	123	0	92	112	57	0	123	73	183	188	73	183	0	73
431	151	305	120	97	399	297	70	0	126	297	225	94	164	70	160	120	97	164	164	120	151	0	0	114	94	70	0	78	94	235	225	78	160	0	78
431	151	305	120	97	399	297	70	0	126	297	225	94	164	70	160	120	97	164	164	120	151	0	0	114	94	70	0	78	94	235	225	78	160	0	78
431	151	305	120	97	399	297	70	0	126	297	225	94	164	70	160	120	97	164	164	120	151	0	0	114	94	70	0	78	94	235	225	78	160	0	78
431	151	305	120	97	399	297	70	0	126	297	225	94	164	70	160	120	97	164	164	120	151	0	0	114	94	70	0	78	94	235	225	78	160	0	78
431	151	305	120	97	399	297	70	0	126	297	225	94	164	70	160	120	97	164	164	120	151	0	0	114	94	70	0	78	94	235	225	78	160	0	78
431	151	305	120	97	399	297	70	0	126	297	225	94	164	70	160	120	97	164	164	120	151	0	0	114	94	70	0	78	94	235	225	78	160	0	78
0	186	328	484	0	328	345	128	0	163	345	0	109	85	128	132	108	132	0	245	108	148	108	0	148	109	493	128	108	109	390	85	416	132	0	85
0	186	328	484	0	328	345	128	0	163	345	0	109	85	128	132	108	132	0	245	108	148	108	0	148	109	493	128	108	109	390	85	416	132	0	85
0	186	328	484	0	328	345	128	0	163	345	0	109	85	128	132	108	132	0	245	108	148	108	0	148	109	493	128	108	109	390	85	416	132	0	85
0	186	328	484	0	328	345	128	0	163	345	0	109	85	128	132	108	132	0	245	108	148	108	0	148	109	493	128	108	109	390	85	416	132	0	85
0	186	328	484	0	328	345	128	0	163	345	0	109	85	128	132	108	132	0	245	108	148	108	0	148	109	493	128	108	109	390	85	416	132	0	85
0	186	328	484	0	328	345	128	0	163	345	0	109	85	128	132	108	132	0	245	108	148	108	0	148	109	493	128	108	109	390	85	416	132	0	85
0	203	203	355	0	403	355	137	403	179	0	0	111	135	137	208	135	111	0	140	111	203	140	184	150	184	137	307	140	134	307	135	134	208	0	134
0	203	203	355	0	403	355	137	403	179	0	0	111	135	137	208	135	111	0	140	111	203	140	184	150	184	137	307	140	134	307	135	134	208	0	134
0	203	203	355	0	403	355	137	403	179	0	0	111	135	137	208	135	111	0	140	111	203	140	184	150	184	137	307	140	134	307	135	134	208	0	134
0	203	203	355	0	403	355	137	403	179	0	0	111	135	137	208	135	111	0	140	111	203	140	184	150	184	137	307	140	134	307	135	134	208	0	134
0	203	203	355	0	403	355	137	403	179	0	0	111	135	137	208	135	111	0	140	111	203	140	184	150	184	137	307	140	134	307	135	134	208	0	134
0	203	203	355	0	403	355	137	403	179	0	0	111	135	137	208	135	111	0	140	111	203	140	184	150	184	137	307	140	134	307	135	134	208	0	134
0	165	427	262	149	0	375	190	0	152	375	0	118	152	190	301	262	149	0	311	121	165	172	0	165	167	172	190	219	167	165	138	219	165	0	138
0	165	427	262	149	0	375	190	0	152	375	0	118	152	190	301	262	149	0	311	121	165	172	0	165	167	172	190	219	167	165	138	219	165	0	138
0	165	427	262	149	0	375	190	0	152	375	0	118	152	190	301	262	149	0	311	121	165	172	0	165	167	172	190	219	167	165	138	219	165	0	138
0	165	427	262	149	0	375	190	0	152	375	0	118	152	190	301	262	149	0	311	121	165	172	0	165	167	172	190	219	167	165	138	219	165	0	138
0	165	427	262	149	0	375	190	0	152	375	0	118	152	190	301	262	149	0	311	121	165	172	0	165	167	172	190	219	167	165	138	219	165	0	138
0	165	427	262	149	0	375	190	0	152	375	0	118	152	190	301	262	149	0	311	121	165	172	0	165	167	172	190	219	167	165	138	219	165	0	138
0	124	452	295	169	452	0	274	452	161	0	0	155	161	199	169	295	169	0	356	124	232	173	0	178	155	173	334	0	253	334	142	253	169	0	142
0	124	452	295	169	452	0	274	452	161	0	0	155	161	199	169	295	169	0	356	124	232	173	0	178	155	173	334	0	253	334	142	253	169	0	142
0	124	452	295	169	452	0	274	452	161	0	0	155	161	199	169	295	169	0	356	124	232	173	0	178	155	173	334	0	253	334	142	253	169	0	142
0	124	452	295	169	452	0	274	452	161	0	0	155	161	199	169	295	169	0	356	124	232	173	0	178	155	173	334	0	253	334	142	253	169	0	142
0	124	452	295	169	452	0	274	452	161	0	0	155	161	199	169	295	169	0	356	124	232	173	0	178	155	173	334	0	253	334	142	253	169	0	142
0	124	452	295	169	452	0	274	452	161	0	0	155	161	199	169	295	169	0	356	124	232	173	0	178	155	173	334	0	253	334	142	253	169	0	142
0	196	481	315	238	481	0	354	0	162	0	0	180	159	162	238	315	238	0	367	127	196	174	0	196	159	162	0	174	147	196	180	147	0	0	147
0	196	481	315	238	481	0	354	0	162	0	0	180	159	162	238	315	238	0	367	127	196	174	0	196	159	162	0	174	147	196	180	147	0	0	147
0	196	481	315	238	481	0	354	0	162	0	0	180	159	162	238	315	238	0	367	127	196	174	0	196	159	162	0	174	147	196	180	147	0	0	147
0	196	481	315	238	481	0	354	0	162	0	0	180	159	162	238	315	238	0	367	127	196	174	0	196	159	162	0	174	147	196	180	147	0	0	147
0	196	481	315	238	481	0	354	0	162	0	0	180	159	162	238	315	238	0	367	127	196	174	0	196	159	162	0	174	147	196	180	147	0	0	147
0	196	481	315	238	481	0	354	0	162	0	0	180	159	162	238	315	238	0	367	127	196	174	0	196	159	162	0	174	147	196	180	147	0	0	147
0	202	485	130	181	485	0	0	485	259	0	0	318	195	181	259	130	181	0	194	130	202	194	202	198	171	194	0	193	171	198	280	193	0	0	193
0	202	485	130	181	485	0	0	485	259	0	0	318	195	181	259	130	181	0	194	130	202	194	202	198	171	194	0	193	171	198	280	193	0	0	193
0	202	485	130	181	485	0	0	485	259	0	0	318	195	181	259	130	181	0	194	130	202	194	202	198	171	194	0	193	171	198	280	193	0	0	193
0	202	485	130	181	485	0	0	485	259	0	0	318	195	181	259	130	181	0	194	130	202	194	202	198	171	194	0	193	171	198	280	193	0	0	193
0	202	485	130	181	485	0	0	485	259	0	0	318	195	181	259	130	181	0	194	130	202	194	202	198	171	194	0	193	171	198	280	193	0	0	193
0	202	485	130	181	485	0	0	485	259	0	0	318	195	181	259	130	181	0	194	130	202	194	202	198	171	194	0	193	171	198	280	193	0	0	193
0	206	206	391	0	206	391	189	0	372	0	0	201	175	189	372	175	133	379	379	133	267	226	267	205	201	189	0	226	201	205	175	449	205	0	175
0	206	206	391	0	206	391	189	0	372	0	0	201	175	189	372	175	133	379	379	133	267	226	267	205	201	189	0	226	201	205	175	449	205	0	175
0	206	206	391	0	206	391	189	0	372	0	0	201	175	189	372	175	133	379	379	133	267	226	267	205	201	189	0	226	201	205	175	449	205	0	175
0	206	206	391	0	206	391	189	0	372	0	0	201	175	189	372	175	133	379	379	133	267	226	267	205	201	189	0	226	201	205	175	449	205	0	175
0	206	206	391	0	206	391	189	0	372	0	0	201	175	189	372	175	133	379	379	133	267	226	267	205	201	189	0	226	201	205	175	449	205	0	175
0	206	206	391	0	206	391	189	0	372	0	0	201	175	189	372	175	133	379	379	133	267	226	267	205	201	189	0	226	201	205	175	449	205	0	175
0	221	221	0	0	0	0	214	0	459	0	0	363	207	214	246	139	246	207	436	139	383	139	217	383	217	499	210	139	270	210	204	270	210	0	204
0	221	221	0	0	0	0	214	0	459	0	0	363	207	214	246	139	246	207	436	139	383	139	217	383	217	499	210	139	270	210	204	270	210	0	204
0	221	221	0	0	0	0	214	0	459	0	0	363	207	214	246	139	246	207	436	139	383	139	217	383	217	499	210	139	270	210	204	270	210	0	204
0	221	221	0	0	0	0	214	0	459	0	0	363	207	214	246	139	246	207	436	139	383	139	217	383	217	499	210	139	270	210	204	270	210	0	204
0	221	221	0	0	0	0	214	0	459	0	0	363	207	214	246	139	246	207	436	139	383	139	217	383	217	499	210	139	270	210	204	270	210	0	204
0	221	221	0	0	0	0	214	0	459	0	0	363	207	214	246	139	246	207	436	139	383	139	217	383	217	499	210	139	270	210	204	270	210	0	204
0	143	496	0	249	0	0	0	0	0	0	227	376	176	228	249	176	249	0	346	143	213	346	0	213	227	228	0	200	227	213	176	200	213	0	200
0	143	496	0	249	0	0	0	0	0	0	227	376	176	228	249	176	249	0	346	143	213	346	0	213	227	228	0	200	227	213	176	200	213	0	200
0	143	496	0	249	0	0	0	0	0	0	227	376	176	228	249	176	249	0	346	143	213	346	0	213	227	228	0	200	227	213	176	200	213	0	200
0	143	496	0	249	0	0	0	0	0	0	227	376	176	228	249	176	249	0	346	143	213	346	0	213	227	228	0	200	227	213	176	200	213	0	200
0	143	496	0	249	0	0	0	0	0	0	227	376	176	228	249	176	249	0	346	143	213	346	0	213	227	228	0	200	227	213	176	200	213	0	200
0	143	496	0	249	0	0	0	0	0	0	227	376	176	228	249	176	249	0	346	143	213	346	0	213	227	228	0	200	227	213	176	200	213	0	200
0	239	0	0	0	0	0	293	0	236	0	0	260	177	236	293	177	260	0	0	191	239	191	0	239	177	0	236	0	277	320	290	277	320	0	335
0	239	0	0	0	0	0	293	0	236	0	0	260	177	236	293	177	260	0	0	191	239	191	0	239	177	0	236	0	277	320	290	277	320	0	335
0	239	0	0	0	0	0	293	0	236	0	0	260	177	236	293	177	260	0	0	191	239	191	0	239	177	0	236	0	277	320	290	277	320	0	335
0	239	0	0	0	0	0	293	0	236	0	0	260	177	236	293	177	260	0	0	191	239	191	0	239	177	0	236	0	277	320	290	277	320	0	335
0	239	0	0	0	0	0	293	0	236	0	0	260	177	236	293	177	260	0	0	191	239	191	0	239	177	0	236	0	277	320	290	277	320	0	335
0	239	0	0	0	0	0	293	0	236	0	0	260	177	236	293	177	260	0	0	191	239	191	0	239	177	0	236	0	277	320	290	277	320	0	335
0	223	0	0	0	0	0	374	0	237	0	252	413	192	237	374	192	223	296	0	223	296	276	0	296	252	0	237	276	326	467	192	362	467	0	362
0	223	0	0	0	0	0	374	0	237	0	252	413	192	237	374	192	223	296	0	223	296	276	0	296	252	0	237	276	326	467	192	362	467	0	362
0	223	0	0	0	0	0	374	0	237	0	252	413	192	237	374	192	223	296	0	223	296	276	0	296	252	0	237	276	326	467	192	362	467	0	362
0	223	0	0	0	0	0	374	0	237	0	252	413	192	237	374	192	223	296	0	223	296	276	0	296	252	0	237	276	326	467	192	362	467	0	362
0	223	0	0	0	0	0	374	0	237	0	252	413	192	237	374	192	223	296	0	223	296	276	0	296	252	0	237	276	326	467	192	362	467	0	362
0	223	0	0	0	0	0	374	0	237	0	252	413	192	237	374	192	223	296	0	223	296	276	0	296	252	0	237	276	326	467	192	362	467	0	362
0	271	0	0	264	0	0	241	0	0	0	0	261	234	241	264	215	264	234	234	215	271	215	0	271	261	0	0	287	443	271	291	287	271	0	291
0	271	0	0	264	0	0	241	0	0	0	0	261	234	241	264	215	264	234	234	215	271	215	0	271	261	0	0	287	443	271	291	287	271	0	291
0	271	0	0	264	0	0	241	0	0	0	0	261	234	241	264	215	264	234	234	215	271	215	0	271	261	0	0	287	443	271	291	287	271	0	291
0	271	0	0	264	0	0	241	0	0	0	0	261	234	241	264	215	264	234	234	215	271	215	0	271	261	0	0	287	443	271	291	287	271	0	291
0	271	0	0	264	0	0	241	0	0	0	0	261	234	241	264	215	264	234	234	215	271	215	0	271	261	0	0	287	443	271	291	287	271	0	291
0	271	0	0	264	0	0	241	0	0	0	0	261	234	241	264	215	264	234	234	215	271	215	0	271	261	0	0	287	443	271	291	287	271	0	291
0	283	0	321	0	0	0	402	0	0	0	0	265	240	242	402	321	265	0	0	230	283	230	378	283	378	242	0	348	0	0	302	348	0	0	348
0	283	0	321	0	0	0	402	0	0	0	0	265	240	242	402	321	265	0	0	230	283	230	378	283	378	242	0	348	0	0	302	348	0	0	348
0	283	0	321	0	0	0	402	0	0	0	0	265	240	242	402	321	265	0	0	230	283	230	378	283	378	242	0	348	0	0	302	348	0	0	348
0	283	0	321	0	0	0	402	0	0	0	0	265	240	242	402	321	265	0	0	230	283	230	378	283	378	242	0	348	0	0	302	348	0	0	348
0	283	0	321	0	0	0	402	0	0	0	0	265	240	242	402	321	265	0	0	230	283	230	378	283	378	242	0	348	0	0	302	348	0	0	348
0	283	0	321	0	0	0	402	0	0	0	0	265	240	242	402	321	265	0	0	230	283	230	378	283	378	242	0	348	0	0	302	348	0	0	348
0	284	284	0	0	0	0	0	0	0	0	0	269	254	251	448	254	231	0	303	231	310	303	0	310	269	251	0	303	0	310	254	451	0	0	389
0	284	284	0	0	0	0	0	0	0	0	0	269	254	251	448	254	231	0	303	231	310	303	0	310	269	251	0	303	0	310	254	451	0	0	389
0	284	284	0	0	0	0	0	0	0	0	0	269	254	251	448	254	231	0	303	231	310	303	0	310	269	251	0	303	0	310	254	451	0	0	389
0	284	284	0	0	0	0	0	0	0	0	0	269	254	251	448	254	231	0	303	231	310	303	0	310	269	251	0	303	0	310	254	451	0	0	389
0	284	284	0	0	0	0	0	0	0	0	0	269	254	251	448	254	231	0	303	231	310	303	0	310	269	251	0	303	0	310	254	451	0	0	389
0	284	284	0	0	0	0	0	0	0	0	0	269	254	251	448	254	231	0	303	231	310	303	0	310	269	251	0	303	0	310	254	451	0	0	389
0	286	286	339	298	0	0	0	0	256	0	317	294	256	420	460	339	298	0	0	233	286	233	0	286	294	420	0	233	468	0	317	468	460	0	0
0	286	286	339	298	0	0	0	0	256	0	317	294	256	420	460	339	298	0	0	233	286	233	0	286	294	420	0	233	468	0	317	468	460	0	0
0	286	286	339	298	0	0	0	0	256	0	317	294	256	420	460	339	298	0	0	233	286	233	0	286	294	420	0	233	468	0	317	468	460	0	0
0	286	286	339	298	0	0	0	0	256	0	317	294	256	420	460	339	298	0	0	233	286	233	0	286	294	420	0	233	468	0	317	468	460	0	0
0	286	286	339	298	0	0	0	0	256	0	317	294	256	420	460	339	298	0	0	233	286	233	0	286	294	420	0	233	468	0	317	468	460	0	0
0	286	286	339	298	0	0	0	0	256	0	317	294	256	420	460	339	298	0	0	233	286	233	0	286	294	420	0	233	468	0	317	468	460	0	0
0	306	306	0	0	306	0	0	0	330	0	0	316	257	330	0	243	331	0	0	243	422	243	0	322	316	330	0	352	0	322	257	352	0	0	0
0	306	306	0	0	306	0	0	0	330	0	0	316	257	330	0	243	331	0	0	243	422	243	0	322	316	330	0	352	0	322	257	352	0	0	0
0	306	306	0	0	306	0	0	0	330	0	0	316	257	330	0	243	331	0	0	243	422	243	0	322	316	330	0	352	0	322	257	352	0	0	0
0	306	306	0	0	306	0	0	0	330	0	0	316	257	330	0	243	331	0	0	243	422	243	0	322	316	330	0	352	0	322	257	352	0	0	0
0	306	306	0	0	306	0	0	0	330	0	0	316	257	330	0	243	331	0	0	243	422	243	0	322	316	330	0	352	0	322	257	352	0	0	0
0	306	306	0	0	306	0	0	0	330	0	0	316	257	330	0	243	331	0	0	243	422	243	0	322	316	330	0	352	0	322	257	352	0	0	0
0	314	314	0	0	0	0	0	0	278	0	0	327	278	433	332	250	332	278	308	250	0	308	0	324	382	433	0	308	0	324	327	308	324	0	308
0	314	314	0	0	0	0	0	0	278	0	0	327	278	433	332	250	332	278	308	250	0	308	0	324	382	433	0	308	0	324	327	308	324	0	308
0	314	314	0	0	0	0	0	0	278	0	0	327	278	433	332	250	332	278	308	250	0	308	0	324	382	433	0	308	0	324	327	308	324	0	308
0	314	314	0	0	0	0	0	0	278	0	0	327	278	433	332	250	332	278	308	250	0	308	0	324	382	433	0	308	0	324	327	308	324	0	308
0	314	314	0	0	0	0	0	0	278	0	0	327	278	433	332	250	332	278	308	250	0	308	0	324	382	433	0	308	0	324	327	308	324	0	308
0	314	314	0	0	0	0	0	0	278	0	0	327	278	433	332	250	332	278	308	250	0	308	0	324	382	433	0	308	0	324	327	308	324	0	308
0	255	0	0	0	0	0	0	0	351	0	0	342	272	351	0	272	341	344	0	255	344	340	342	344	342	0	351	340	0	0	272	340	0	0	0
0	255	0	0	0	0	0	0	0	351	0	0	342	272	351	0	272	341	344	0	255	344	340	342	344	342	0	351	340	0	0	272	340	0	0	0
0	255	0	0	0	0	0	0	0	351	0	0	342	272	351	0	272	341	344	0	255	344	340	342	344	342	0	351	340	0	0	272	340	0	0	0
0	255	0	0	0	0	0	0	0	351	0	0	342	272	351	0	272	341	344	0	255	344	340	342	344	342	0	351	340	0	0	272	340	0	0	0
0	255	0	0	0	0	0	0	0	351	0	0	342	272	351	0	272	341	344	0	255	344	340	342	344	342	0	351	340	0	0	272	340	0	0	0
0	255	0	0	0	0	0	0	0	351	0	0	342	272	351	0	272	341	344	0	255	344	340	342	344	342	0	351	340	0	0	272	340	0	0	0
0	336	336	0	343	0	0	0	0	432	0	0	0	288	432	0	358	343	0	0	268	336	268	0	336	288	0	432	360	0	0	414	360	0	0	360
0	336	336	0	343	0	0	0	0	432	0	0	0	288	432	0	358	343	0	0	268	336	268	0	336	288	0	432	360	0	0	414	360	0	0	360
0	336	336	0	343	0	0	0	0	432	0	0	0	288	432	0	358	343	0	0	268	336	268	0	336	288	0	432	360	0	0	414	360	0	0	360
0	336	336	0	343	0	0	0	0	432	0	0	0	288	432	0	358	343	0	0	268	336	268	0	336	288	0	432	360	0	0	414	360	0	0	360
0	336	336	0	343	0	0	0	0	432	0	0	0	288	432	0	358	343	0	0	268	336	268	0	336	288	0	432	360	0	0	414	360	0	0	360
0	336	336	0	343	0	0	0	0	432	0	0	0	288	432	0	358	343	0	0	268	336	268	0	336	288	0	432	360	0	0	414	360	0	0	360
0	365	365	0	0	0	0	457	0	289	0	415	349	289	457	0	279	377	289	0	279	365	368	349	385	349	457	0	368	478	0	415	478	0	0	0
0	365	365	0	0	0	0	457	0	289	0	415	349	289	457	0	279	377	289	0	279	365	368	349	385	349	457	0	368	478	0	415	478	0	0	0
0	365	365	0	0	0	0	457	0	289	0	415	349	289	457	0	279	377	289	0	279	365	368	349	385	349	457	0	368	478	0	415	478	0	0	0
0	365	365	0	0	0	0	457	0	289	0	415	349	289	457	0	279	377	289	0	279	365	368	349	385	349	457	0	368	478	0	415	478	0	0	0
0	365	365	0	0	0	0	457	0	289	0	415	349	289	457	0	279	377	289	0	279	365	368	349	385	349	457	0	368	478	0	415	478	0	0	0
0	365	365	0	0	0	0	457	0	289	0	415	349	289	457	0	279	377	289	0	279	365	368	349	385	349	457	0	368	478	0	415	478	0	0	0
0	394	394	0	384	0	0	0	0	313	0	470	0	313	465	384	281	384	313	0	281	394	281	0	394	398	465	0	471	398	0	470	471	384	0	0
0	394	394	0	384	0	0	0	0	313	0	470	0	313	465	384	281	384	313	0	281	394	281	0	394	398	465	0	471	398	0	470	471	384	0	0
0	394	394	0	384	0	0	0	0	313	0	470	0	313	465	384	281	384	313	0	281	394	281	0	394	398	465	0	471	398	0	470	471	384	0	0
0	394	394	0	384	0	0	0	0	313	0	470	0	313	465	384	281	384	313	0	281	394	281	0	394	398	465	0	471	398	0	470	471	384	0	0
0	394	394	0	384	0	0	0	0	313	0	470	0	313	465	384	281	384	313	0	281	394	281	0	394	398	465	0	471	398	0	470	471	384	0	0
0	394	394	0	384	0	0	0	0	313	0	470	0	313	465	384	281	384	313	0	281	394	281	0	394	398	465	0	471	398	0	470	471	384	0	0
0	410	410	0	0	410	0	0	0	0	0	405	0	333	466	395	282	395	387	370	282	387	370	0	387	405	0	0	0	0	0	333	487	0	0	487
0	410	410	0	0	410	0	0	0	0	0	405	0	333	466	395	282	395	387	370	282	387	370	0	387	405	0	0	0	0	0	333	487	0	0	487
0	410	410	0	0	410	0	0	0	0	0	405	0	333	466	395	282	395	387	370	282	387	370	0	387	405	0	0	0	0	0	333	487	0	0	487
0	410	410	0	0	410	0	0	0	0	0	405	0	333	466	395	282	395	387	370	282	387	370	0	387	405	0	0	0	0	0	333	487	0	0	487
0	410	410	0	0	410	0	0	0	0	0	405	0	333	466	395	282	395	387	370	282	387	370	0	387	405	0	0	0	0	0	333	487	0	0	487
0	410	410	0	0	410	0	0	0	0	0	405	0	333	466	395	282	395	387	370	282	387	370	0	387	405	0	0	0	0	0	333	487	0	0	487
0	285	0	0	0	0	0	0	0	494	0	0	482	300	0	494	300	285	0	371	285	407	371	0	407	300	0	0	371	0	0	482	371	0	0	371
0	285	0	0	0	0	0	0	0	494	0	0	482	300	0	494	300	285	0	371	285	407	371	0	407	300	0	0	371	0	0	482	371	0	0	371
0	285	0	0	0	0	0	0	0	494	0	0	482	300	0	494	300	285	0	371	285	407	371	0	407	300	0	0	371	0	0	482	371	0	0	371
0	285	0	0	0	0	0	0	0	494	0	0	482	300	0	494	300	285	0	371	285	407	371	0	407	300	0	0	371	0	0	482	371	0	0	371
0	285	0	0	0	0	0	0	0	494	0	0	482	300	0	494	300	285	0	371	285	407	371	0	407	300	0	0	371	0	0	482	371	0	0	371
0	285	0	0	0	0	0	0	0	494	0	0	482	300	0	494	300	285	0	371	285	407	371	0	407	300	0	0	371	0	0	482	371	0	0	371
0	417	0	0	397	0	0	0	0	0	0	411	0	319	0	0	319	397	0	0	312	417	312	0	417	411	0	0	0	0	417	319	0	417	0	0
0	417	0	0	397	0	0	0	0	0	0	411	0	319	0	0	319	397	0	0	312	417	312	0	417	411	0	0	0	0	417	319	0	417	0	0
0	417	0	0	397	0	0	0	0	0	0	411	0	319	0	0	319	397	0	0	312	417	312	0	417	411	0	0	0	0	417	319	0	417	0	0
0	417	0	0	397	0	0	0	0	0	0	411	0	319	0	0	319	397	0	0	312	417	312	0	417	411	0	0	0	0	417	319	0	417	0	0
0	417	0	0	397	0	0	0	0	0	0	411	0	319	0	0	319	397	0	0	312	417	312	0	417	411	0	0	0	0	417	319	0	417	0	0
0	417	0	0	397	0	0	0	0	0	0	411	0	319	0	0	319	397	0	0	312	417	312	0	417	411	0	0	0	0	417	319	0	417	0	0
0	323	0	0	401	0	0	0	0	0	0	0	0	325	401	0	325	401	442	392	323	442	392	0	492	418	0	0	392	418	0	0	0	0	0	0
0	323	0	0	401	0	0	0	0	0	0	0	0	325	401	0	325	401	442	392	323	442	392	0	492	418	0	0	392	418	0	0	0	0	0	0
0	323	0	0	401	0	0	0	0	0	0	0	0	325	401	0	325	401	442	392	323	442	392	0	492	418	0	0	392	418	0	0	0	0	0	0
0	323	0	0	401	0	0	0	0	0	0	0	0	325	401	0	325	401	442	392	323	442	392	0	492	418	0	0	392	418	0	0	0	0	0	0
0	323	0	0	401	0	0	0	0	0	0	0	0	325	401	0	325	401	442	392	323	442	392	0	492	418	0	0	392	418	0	0	0	0	0	0
0	323	0	0	401	0	0	0	0	0	0	0	0	325	401	0	325	401	442	392	323	442	392	0	492	418	0	0	392	418	0	0	0	0	0	0
0	359	0	0	0	0	0	0	0	0	0	423	0	329	0	0	329	359	0	404	359	0	404	0	0	423	0	0	0	423	0	329	0	0	0	329
0	359	0	0	0	0	0	0	0	0	0	423	0	329	0	0	329	359	0	404	359	0	404	0	0	423	0	0	0	423	0	329	0	0	0	329
0	359	0	0	0	0	0	0	0	0	0	423	0	329	0	0	329	359	0	404	359	0	404	0	0	423	0	0	0	423	0	329	0	0	0	329
0	359	0	0	0	0	0	0	0	0	0	423	0	329	0	0	329	359	0	404	359	0	404	0	0	423	0	0	0	423	0	329	0	0	0	329
0	359	0	0	0	0	0	0	0	0	0	423	0	329	0	0	329	359	0	404	359	0	404	0	0	423	0	0	0	423	0	329	0	0	0	329
0	359	0	0	0	0	0	0	0	0	0	423	0	329	0	0	329	359	0	404	359	0	404	0	0	423	0	0	0	423	0	329	0	0	0	329
0	361	0	0	0	0	0	0	0	0	0	0	0	338	0	0	338	361	0	419	361	0	419	0	0	437	0	0	419	0	0	338	419	0	0	338
0	361	0	0	0	0	0	0	0	0	0	0	0	338	0	0	338	361	0	419	361	0	419	0	0	437	0	0	419	0	0	338	419	0	0	338
0	361	0	0	0	0	0	0	0	0	0	0	0	338	0	0	338	361	0	419	361	0	419	0	0	437	0	0	419	0	0	338	419	0	0	338
0	361	0	0	0	0	0	0	0	0	0	0	0	338	0	0	338	361	0	419	361	0	419	0	0	437	0	0	419	0	0	338	419	0	0	338
0	361	0	0	0	0	0	0	0	0	0	0	0	338	0	0	338	361	0	419	361	0	419	0	0	437	0	0	419	0	0	338	419	0	0	338
0	361	0	0	0	0	0	0	0	0	0	0	0	338	0	0	338	361	0	419	361	0	419	0	0	437	0	0	419	0	0	338	419	0	0	338
0	439	439	0	0	0	0	0	0	0	0	0	412	350	0	0	357	412	350	434	357	0	434	0	0	446	434	0	0	446	0	0	0	0	0	0
0	439	439	0	0	0	0	0	0	0	0	0	412	350	0	0	357	412	350	434	357	0	434	0	0	446	434	0	0	446	0	0	0	0	0	0
0	439	439	0	0	0	0	0	0	0	0	0	412	350	0	0	357	412	350	434	357	0	434	0	0	446	434	0	0	446	0	0	0	0	0	0
0	439	439	0	0	0	0	0	0	0	0	0	412	350	0	0	357	412	350	434	357	0	434	0	0	446	434	0	0	446	0	0	0	0	0	0
0	439	439	0	0	0	0	0	0	0	0	0	412	350	0	0	357	412	350	434	357	0	434	0	0	446	434	0	0	446	0	0	0	0	0	0
0	439	439	0	0	0	0	0	0	0	0	0	412	350	0	0	357	412	350	434	357	0	434	0	0	446	434	0	0	446	0	0	0	0	0	0
0	373	0	0	426	0	0	0	0	0	0	0	0	353	0	0	353	426	0	455	373	0	455	0	0	353	0	0	455	0	0	0	455	0	0	455
0	373	0	0	426	0	0	0	0	0	0	0	0	353	0	0	353	426	0	455	373	0	455	0	0	353	0	0	455	0	0	0	455	0	0	455
0	373	0	0	426	0	0	0	0	0	0	0	0	353	0	0	353	426	0	455	373	0	455	0	0	353	0	0	455	0	0	0	455	0	0	455
0	373	0	0	426	0	0	0	0	0	0	0	0	353	0	0	353	426	0	455	373	0	455	0	0	353	0	0	455	0	0	0	455	0	0	455
0	373	0	0	426	0	0	0	0	0	0	0	0	353	0	0	353	426	0	455	373	0	455	0	0	353	0	0	455	0	0	0	455	0	0	455
0	373	0	0	426	0	0	0	0	0	0	0	0	353	0	0	353	426	0	455	373	0	455	0	0	353	0	0	455	0	0	0	455	0	0	455
0	441	0	0	0	0	0	0	0	364	0	0	0	364	445	0	369	445	364	0	386	441	386	486	441	486	0	0	0	0	441	0	0	441	0	0
0	441	0	0	0	0	0	0	0	364	0	0	0	364	445	0	369	445	364	0	386	441	386	486	441	486	0	0	0	0	441	0	0	441	0	0
0	441	0	0	0	0	0	0	0	364	0	0	0	364	445	0	369	445	364	0	386	441	386	486	441	486	0	0	0	0	441	0	0	441	0	0
0	441	0	0	0	0	0	0	0	364	0	0	0	364	445	0	369	445	364	0	386	441	386	486	441	486	0	0	0	0	441	0	0	441	0	0
0	441	0	0	0	0	0	0	0	364	0	0	0	364	445	0	369	445	364	0	386	441	386	486	441	486	0	0	0	0	441	0	0	441	0	0
0	441	0	0	0	0	0	0	0	364	0	0	0	364	445	0	369	445	364	0	386	441	386	486	441	486	0	0	0	0	441	0	0	441	0	0
0	450	0	381	0	0	0	0	0	0	0	497	0	406	0	447	381	447	406	0	393	450	393	0	450	497	0	0	0	0	0	0	0	0	0	0
0	450	0	381	0	0	0	0	0	0	0	497	0	406	0	447	381	447	406	0	393	450	393	0	450	497	0	0	0	0	0	0	0	0	0	0
0	450	0	381	0	0	0	0	0	0	0	497	0	406	0	447	381	447	406	0	393	450	393	0	450	497	0	0	0	0	0	0	0	0	0	0
0	450	0	381	0	0	0	0	0	0	0	497	0	406	0	447	381	447	406	0	393	450	393	0	450	497	0	0	0	0	0	0	0	0	0	0
0	450	0	381	0	0	0	0	0	0	0	497	0	406	0	447	381	447	406	0	393	450	393	0	450	497	0	0	0	0	0	0	0	0	0	0
0	450	0	381	0	0	0	0	0	0	0	497	0	406	0	447	381	447	406	0	393	450	393	0	450	497	0	0	0	0	0	0	0	0	0	0
0	453	0	0	0	0	0	0	0	0	0	0	0	409	0	456	400	456	0	0	400	453	400	0	0	409	0	0	0	0	0	0	0	0	0	0
0	453	0	0	0	0	0	0	0	0	0	0	0	409	0	456	400	456	0	0	400	453	400	0	0	409	0	0	0	0	0	0	0	0	0	0
0	453	0	0	0	0	0	0	0	0	0	0	0	409	0	456	400	456	0	0	400	453	400	0	0	409	0	0	0	0	0	0	0	0	0	0
0	453	0	0	0	0	0	0	0	0	0	0	0	409	0	456	400	456	0	0	400	453	400	0	0	409	0	0	0	0	0	0	0	0	0	0
0	453	0	0	0	0	0	0	0	0	0	0	0	409	0	456	400	456	0	0	400	453	400	0	0	409	0	0	0	0	0	0	0	0	0	0
0	453	0	0	0	0	0	0	0	0	0	0	0	409	0	456	400	456	0	0	400	453	400	0	0	409	0	0	0	0	0	0	0	0	0	0
0	462	462	0	0	0	0	0	0	0	0	0	428	408	0	0	408	428	0	474	428	462	474	0	462	0	0	0	474	0	0	408	474	0	0	474
0	462	462	0	0	0	0	0	0	0	0	0	428	408	0	0	408	428	0	474	428	462	474	0	462	0	0	0	474	0	0	408	474	0	0	474
0	462	462	0	0	0	0	0	0	0	0	0	428	408	0	0	408	428	0	474	428	462	474	0	462	0	0	0	474	0	0	408	474	0	0	474
0	462	462	0	0	0	0	0	0	0	0	0	428	408	0	0	408	428	0	474	428	462	474	0	462	0	0	0	474	0	0	408	474	0	0	474
0	462	462	0	0	0	0	0	0	0	0	0	428	408	0	0	408	428	0	474	428	462	474	0	462	0	0	0	474	0	0	408	474	0	0	474
0	462	462	0	0	0	0	0	0	0	0	0	428	408	0	0	408	428	0	474	428	462	474	0	462	0	0	0	474	0	0	408	474	0	0	474
0	469	469	0	0	0	0	0	0	0	0	0	0	429	0	458	421	458	0	0	421	0	421	0	0	0	0	0	0	0	0	429	0	0	0	429
0	469	469	0	0	0	0	0	0	0	0	0	0	429	0	458	421	458	0	0	421	0	421	0	0	0	0	0	0	0	0	429	0	0	0	429
0	469	469	0	0	0	0	0	0	0	0	0	0	429	0	458	421	458	0	0	421	0	421	0	0	0	0	0	0	0	0	429	0	0	0	429
0	469	469	0	0	0	0	0	0	0	0	0	0	429	0	458	421	458	0	0	421	0	421	0	0	0	0	0	0	0	0	429	0	0	0	429
0	469	469	0	0	0	0	0	0	0	0	0	0	429	0	458	421	458	0	0	421	0	421	0	0	0	0	0	0	0	0	429	0	0	0	429
0	469	469	0	0	0	0	0	0	0	0	0	0	429	0	458	421	458	0	0	421	0	421	0	0	0	0	0	0	0	0	429	0	0	0	429
0	475	0	0	0	0	0	0	0	0	0	0	454	425	0	0	425	454	0	0	454	0	500	0	0	425	500	0	0	0	0	0	0	0	0	0
0	475	0	0	0	0	0	0	0	0	0	0	454	425	0	0	425	454	0	0	454	0	500	0	0	425	500	0	0	0	0	0	0	0	0	0
0	475	0	0	0	0	0	0	0	0	0	0	454	425	0	0	425	454	0	0	454	0	500	0	0	425	500	0	0	0	0	0	0	0	0	0
0	475	0	0	0	0	0	0	0	0	0	0	454	425	0	0	425	454	0	0	454	0	500	0	0	425	500	0	0	0	0	0	0	0	0	0
0	475	0	0	0	0	0	0	0	0	0	0	454	425	0	0	425	454	0	0	454	0	500	0	0	425	500	0	0	0	0	0	0	0	0	0
0	475	0	0	0	0	0	0	0	0	0	0	454	425	0	0	425	454	0	0	454	0	500	0	0	425	500	0	0	0	0	0	0	0	0	0
0	0	0	440	473	0	0	0	0	0	0	0	0	435	0	473	440	473	0	0	461	0	461	0	0	0	0	0	0	0	0	0	0	0	0	0
0	0	0	440	473	0	0	0	0	0	0	0	0	435	0	473	440	473	0	0	461	0	461	0	0	0	0	0	0	0	0	0	0	0	0	0
0	0	0	440	473	0	0	0	0	0	0	0	0	435	0	473	440	473	0	0	461	0	461	0	0	0	0	0	0	0	0	0	0	0	0	0
0	0	0	440	473	0	0	0	0	0	0	0	0	435	0	473	440	473	0	0	461	0	461	0	0	0	0	0	0	0	0	0	0	0	0	0
0	0	0	440	473	0	0	0	0	0	0	0	0	435	0	473	440	473	0	0	461	0	461	0	0	0	0	0	0	0	0	0	0	0	0	0
0	0	0	440	473	0	0	0	0	0	0	0	0	435	0	473	440	473	0	0	461	0	461	0	0	0	0	0	0	0	0	0	0	0	0	0
0	0	0	444	0	0	0	0	0	0	0	0	488	472	0	0	444	488	0	0	0	0	0	0	0	0	0	0	0	0	0	0	0	0	0	0
0	0	0	444	0	0	0	0	0	0	0	0	488	472	0	0	444	488	0	0	0	0	0	0	0	0	0	0	0	0	0	0	0	0	0	0
0	0	0	444	0	0	0	0	0	0	0	0	488	472	0	0	444	488	0	0	0	0	0	0	0	0	0	0	0	0	0	0	0	0	0	0
0	0	0	444	0	0	0	0	0	0	0	0	488	472	0	0	444	488	0	0	0	0	0	0	0	0	0	0	0	0	0	0	0	0	0	0
0	0	0	444	0	0	0	0	0	0	0	0	488	472	0	0	444	488	0	0	0	0	0	0	0	0	0	0	0	0	0	0	0	0	0	0
0	0	0	444	0	0	0	0	0	0	0	0	488	472	0	0	444	488	0	0	0	0	0	0	0	0	0	0	0	0	0	0	0	0	0	0
0	0	0	463	490	0	0	0	0	0	0	0	0	476	0	490	463	490	476	476	0	0	0	0	0	0	0	0	0	0	0	0	0	0	0	0
0	0	0	463	490	0	0	0	0	0	0	0	0	476	0	490	463	490	476	476	0	0	0	0	0	0	0	0	0	0	0	0	0	0	0	0
0	0	0	463	490	0	0	0	0	0	0	0	0	476	0	490	463	490	476	476	0	0	0	0	0	0	0	0	0	0	0	0	0	0	0	0
0	0	0	463	490	0	0	0	0	0	0	0	0	476	0	490	463	490	476	476	0	0	0	0	0	0	0	0	0	0	0	0	0	0	0	0
0	0	0	463	490	0	0	0	0	0	0	0	0	476	0	490	463	490	476	476	0	0	0	0	0	0	0	0	0	0	0	0	0	0	0	0
0	0	0	463	490	0	0	0	0	0	0	0	0	476	0	490	463	490	476	476	0	0	0	0	0	0	0	0	0	0	0	0	0	0	0	0
0	0	0	0	0	0	0	0	0	0	0	0	0	464	0	0	464	0	0	0	0	0	0	0	0	0	0	0	0	0	0	464	0	0	0	464
0	0	0	0	0	0	0	0	0	0	0	0	0	464	0	0	464	0	0	0	0	0	0	0	0	0	0	0	0	0	0	464	0	0	0	464
0	0	0	0	0	0	0	0	0	0	0	0	0	464	0	0	464	0	0	0	0	0	0	0	0	0	0	0	0	0	0	464	0	0	0	464
0	0	0	0	0	0	0	0	0	0	0	0	0	464	0	0	464	0	0	0	0	0	0	0	0	0	0	0	0	0	0	464	0	0	0	464
0	0	0	0	0	0	0	0	0	0	0	0	0	464	0	0	464	0	0	0	0	0	0	0	0	0	0	0	0	0	0	464	0	0	0	464
0	0	0	0	0	0	0	0	0	0	0	0	0	464	0	0	464	0	0	0	0	0	0	0	0	0	0	0	0	0	0	464	0	0	0	464
0	0	0	0	0	0	0	0	0	0	0	0	0	483	0	0	477	0	0	0	477	0	477	0	0	483	0	0	477	0	0	0	0	0	0	0
0	0	0	0	0	0	0	0	0	0	0	0	0	483	0	0	477	0	0	0	477	0	477	0	0	483	0	0	477	0	0	0	0	0	0	0
0	0	0	0	0	0	0	0	0	0	0	0	0	483	0	0	477	0	0	0	477	0	477	0	0	483	0	0	477	0	0	0	0	0	0	0
0	0	0	0	0	0	0	0	0	0	0	0	0	483	0	0	477	0	0	0	477	0	477	0	0	483	0	0	477	0	0	0	0	0	0	0
0	0	0	0	0	0	0	0	0	0	0	0	0	483	0	0	477	0	0	0	477	0	477	0	0	483	0	0	477	0	0	0	0	0	0	0
0	0	0	0	0	0	0	0	0	0	0	0	0	483	0	0	477	0	0	0	477	0	477	0	0	483	0	0	477	0	0	0	0	0	0	0
0	0	0	480	0	0	0	0	0	0	0	0	0	0	0	0	480	0	0	0	0	0	0	0	0	0	0	0	0	0	0	0	0	0	0	0
0	0	0	480	0	0	0	0	0	0	0	0	0	0	0	0	480	0	0	0	0	0	0	0	0	0	0	0	0	0	0	0	0	0	0	0
0	0	0	480	0	0	0	0	0	0	0	0	0	0	0	0	480	0	0	0	0	0	0	0	0	0	0	0	0	0	0	0	0	0	0	0
0	0	0	480	0	0	0	0	0	0	0	0	0	0	0	0	480	0	0	0	0	0	0	0	0	0	0	0	0	0	0	0	0	0	0	0
0	0	0	480	0	0	0	0	0	0	0	0	0	0	0	0	480	0	0	0	0	0	0	0	0	0	0	0	0	0	0	0	0	0	0	0
0	0	0	480	0	0	0	0	0	0	0	0	0	0	0	0	480	0	0	0	0	0	0	0	0	0	0	0	0	0	0	0	0	0	0	0
0	0	0	0	0	0	0	0	0	0	0	0	0	0	0	0	498	0	0	0	498	0	498	0	0	0	0	0	0	0	0	0	0	0	0	0
0	0	0	0	0	0	0	0	0	0	0	0	0	0	0	0	498	0	0	0	498	0	498	0	0	0	0	0	0	0	0	0	0	0	0	0
0	0	0	0	0	0	0	0	0	0	0	0	0	0	0	0	498	0	0	0	498	0	498	0	0	0	0	0	0	0	0	0	0	0	0	0
0	0	0	0	0	0	0	0	0	0	0	0	0	0	0	0	498	0	0	0	498	0	498	0	0	0	0	0	0	0	0	0	0	0	0	0
0	0	0	0	0	0	0	0	0	0	0	0	0	0	0	0	498	0	0	0	498	0	498	0	0	0	0	0	0	0	0	0	0	0	0	0
0	0	0	0	0	0	0	0	0	0	0	0	0	0	0	0	498	0	0	0	498	0	498	0	0	0	0	0	0	0	0	0	0	0	0	0
0	0	0	0	0	0	0	0	0	0	0	0	0	0	0	0	0	0	0	0	0	0	0	0	0	0	0	0	0	0	0	0	0	0	0	0
0	0	0	0	0	0	0	0	0	0	0	0	0	0	0	0	0	0	0	0	0	0	0	0	0	0	0	0	0	0	0	0	0	0	0	0
0	0	0	0	0	0	0	0	0	0	0	0	0	0	0	0	0	0	0	0	0	0	0	0	0	0	0	0	0	0	0	0	0	0	0	0
0	0	0	0	0	0	0	0	0	0	0	0	0	0	0	0	0	0	0	0	0	0	0	0	0	0	0	0	0	0	0	0	0	0	0	0
0	0	0	0	0	0	0	0	0	0	0	0	0	0	0	0	0	0	0	0	0	0	0	0	0	0	0	0	0	0	0	0	0	0	0	0
0	0	0	0	0	0	0	0	0	0	0	0	0	0	0	0	0	0	0	0	0	0	0	0	0	0	0	0	0	0	0	0	0	0	0	0
0	0	0	0	0	0	0	0	0	0	0	0	0	0	0	0	0	0	0	0	0	0	0	0	0	0	0	0	0	0	0	0	0	0	0	0
0	0	0	0	0	0	0	0	0	0	0	0	0	0	0	0	0	0	0	0	0	0	0	0	0	0	0	0	0	0	0	0	0	0	0	0
