151
152
154
156
158
159
161
162
163
164
165
166
168
169
170
172
173
175
176
178
179
180
181
182
185
186
187
190
191
195
196
197
199
200
202
204
205
206
207
209
211
212
213
215
216
218
220
221
222
223
224
225
228
229
230
231
233
234
235
236
238
240
241
243
244
245
246
247
248
249
250
253
254
255
256
257
258
259
260
261
262
263
264
265
266
267
268
269
270
271
272
273
275
276
277
278
279
281
282
283
285
286
287
288
289
290
292
293
294
298
299
301
303
304
305
306
307
309
310
311
312
313
314
317
318
319
320
321
322
323
324
326
327
328
329
330
331
332
333
334
335
336
337
338
339
340
341
343
344
345
346
347
348
350
351
352
353
354
355
356
357
358
359
360
361
362
364
365
366
367
368
370
371
372
373
374
376
377
379
380
381
382
383
384
385
386
387
388
389
390
391
392
393
394
395
397
398
399
400
401
402
403
404
406
407
408
409
410
411
412
413
414
415
416
417
418
419
421
422
423
424
425
426
427
428
429
430
431
433
434
435
437
438
439
440
441
442
443
444
445
446
447
448
449
450
451
452
453
454
455
456
457
458
459
460
461
462
463
464
465
466
467
468
469
470
471
472
473
474
475
476
477
478
480
481
482
483
484
485
486
487
488
489
490
491
492
493
494
495
496
497
498
499
500
393
103
454
103
393
454
409
22
28
132
295
347
480
22
295
480
28
132
347
28
172
12
