0	120	759	524	50	824	524	12	74	1	120	1	493	120	12	186	19	44	50	23	5	254	2	44	19	2	862	81	104	25	81	56	81	104	959	12	2	21	12	482	479	364	244	547	29	25	3	33	20	643	29	12	25	23	3	25	297	29	33	99	20	252	7	33	29	95	99	23	245	7	18	22	672	0	29	3	22	245	734	272	0	33	7	20
0	120	759	524	50	824	524	12	74	1	120	1	493	120	12	186	19	44	50	23	5	254	2	44	19	2	862	81	104	25	81	56	81	104	959	12	2	21	12	482	479	364	244	547	29	25	3	33	20	643	29	12	25	23	3	25	297	29	33	99	20	252	7	33	29	95	99	23	245	7	18	22	672	0	29	3	22	245	734	272	0	33	7	20
0	120	759	524	50	824	524	12	74	1	120	1	493	120	12	186	19	44	50	23	5	254	2	44	19	2	862	81	104	25	81	56	81	104	959	12	2	21	12	482	479	364	244	547	29	25	3	33	20	643	29	12	25	23	3	25	297	29	33	99	20	252	7	33	29	95	99	23	245	7	18	22	672	0	29	3	22	245	734	272	0	33	7	20
0	120	759	524	50	824	524	12	74	1	120	1	493	120	12	186	19	44	50	23	5	254	2	44	19	2	862	81	104	25	81	56	81	104	959	12	2	21	12	482	479	364	244	547	29	25	3	33	20	643	29	12	25	23	3	25	297	29	33	99	20	252	7	33	29	95	99	23	245	7	18	22	672	0	29	3	22	245	734	272	0	33	7	20
0	120	759	524	50	824	524	12	74	1	120	1	493	120	12	186	19	44	50	23	5	254	2	44	19	2	862	81	104	25	81	56	81	104	959	12	2	21	12	482	479	364	244	547	29	25	3	33	20	643	29	12	25	23	3	25	297	29	33	99	20	252	7	33	29	95	99	23	245	7	18	22	672	0	29	3	22	245	734	272	0	33	7	20
0	120	759	524	50	824	524	12	74	1	120	1	493	120	12	186	19	44	50	23	5	254	2	44	19	2	862	81	104	25	81	56	81	104	959	12	2	21	12	482	479	364	244	547	29	25	3	33	20	643	29	12	25	23	3	25	297	29	33	99	20	252	7	33	29	95	99	23	245	7	18	22	672	0	29	3	22	245	734	272	0	33	7	20
0	0	782	590	0	0	0	170	4	1	278	1	561	4	0	476	0	44	0	23	11	8	503	44	24	8	11	217	169	8	346	79	126	941	4	0	4	369	0	605	79	8	532	933	4	38	3	155	38	217	4	8	0	23	3	206	0	38	155	970	471	0	7	59	155	0	314	23	318	7	150	22	11	0	155	3	22	318	912	150	0	59	7	100
0	0	782	590	0	0	0	170	4	1	278	1	561	4	0	476	0	44	0	23	11	8	503	44	24	8	11	217	169	8	346	79	126	941	4	0	4	369	0	605	79	8	532	933	4	38	3	155	38	217	4	8	0	23	3	206	0	38	155	970	471	0	7	59	155	0	314	23	318	7	150	22	11	0	155	3	22	318	912	150	0	59	7	100
0	0	782	590	0	0	0	170	4	1	278	1	561	4	0	476	0	44	0	23	11	8	503	44	24	8	11	217	169	8	346	79	126	941	4	0	4	369	0	605	79	8	532	933	4	38	3	155	38	217	4	8	0	23	3	206	0	38	155	970	471	0	7	59	155	0	314	23	318	7	150	22	11	0	155	3	22	318	912	150	0	59	7	100
0	6	782	590	51	0	51	170	4	102	278	0	561	4	6	476	0	51	0	36	11	8	503	51	24	8	11	217	169	8	346	79	126	941	4	6	4	369	6	605	79	8	532	933	4	38	6	155	38	217	4	8	6	36	163	206	51	38	155	970	471	16	201	59	155	0	314	36	318	16	150	500	11	0	155	424	320	318	912	150	320	59	16	100
0	6	782	590	51	0	51	170	4	102	278	0	561	4	6	476	0	51	0	36	11	8	503	51	24	8	11	217	169	8	346	79	126	941	4	6	4	369	6	605	79	8	532	933	4	38	6	155	38	217	4	8	6	36	163	206	51	38	155	970	471	16	201	59	155	0	314	36	318	16	150	500	11	0	155	424	320	318	912	150	320	59	16	100
0	6	782	590	51	0	51	170	4	102	278	0	561	4	6	476	0	51	0	36	11	8	503	51	24	8	11	217	169	8	346	79	126	941	4	6	4	369	6	605	79	8	532	933	4	38	6	155	38	217	4	8	6	36	163	206	51	38	155	970	471	16	201	59	155	0	314	36	318	16	150	500	11	0	155	424	320	318	912	150	320	59	16	100
0	6	0	0	51	0	51	351	4	102	278	0	573	4	6	476	0	51	0	36	65	26	0	51	24	26	0	65	26	243	552	0	218	0	4	6	4	369	6	0	0	725	607	607	4	38	6	155	38	65	4	30	6	36	163	0	51	38	155	0	0	16	201	118	155	118	486	36	118	16	26	500	689	0	155	424	320	0	0	870	320	0	16	118
0	6	0	0	51	0	51	351	4	102	278	0	573	4	6	476	0	51	0	36	65	26	0	51	24	26	0	65	26	243	552	0	218	0	4	6	4	369	6	0	0	725	607	607	4	38	6	155	38	65	4	30	6	36	163	0	51	38	155	0	0	16	201	118	155	118	486	36	118	16	26	500	689	0	155	424	320	0	0	870	320	0	16	118
0	6	0	0	51	0	51	351	4	102	278	0	573	4	6	476	0	51	0	36	65	26	0	51	24	26	0	65	26	243	552	0	218	0	4	6	4	369	6	0	0	725	607	607	4	38	6	155	38	65	4	30	6	36	163	0	51	38	155	0	0	16	201	118	155	118	486	36	118	16	26	500	689	0	155	424	320	0	0	870	320	0	16	118
0	6	112	309	27	0	0	351	112	309	335	9	573	0	6	0	66	27	335	66	65	26	0	27	0	26	0	65	26	243	552	138	218	0	9	6	9	0	6	0	138	725	607	607	9	138	6	0	302	65	9	30	6	455	185	27	494	9	0	0	0	249	868	118	358	118	486	185	118	27	26	0	689	0	257	432	456	0	494	870	432	9	249	118
0	6	112	309	27	0	0	351	112	309	335	9	573	0	6	0	66	27	335	66	65	26	0	27	0	26	0	65	26	243	552	138	218	0	9	6	9	0	6	0	138	725	607	607	9	138	6	0	302	65	9	30	6	455	185	27	494	9	0	0	0	249	868	118	358	118	486	185	118	27	26	0	689	0	257	432	456	0	494	870	432	9	249	118
0	6	112	309	27	0	0	351	112	309	335	9	573	0	6	0	66	27	335	66	65	26	0	27	0	26	0	65	26	243	552	138	218	0	9	6	9	0	6	0	138	725	607	607	9	138	6	0	302	65	9	30	6	455	185	27	494	9	0	0	0	249	868	118	358	118	486	185	118	27	26	0	689	0	257	432	456	0	494	870	432	9	249	118
0	39	112	309	27	0	0	395	112	309	335	9	0	0	39	35	66	27	335	66	39	63	0	27	35	63	39	144	0	92	144	138	144	0	9	13	9	39	13	745	138	0	229	745	9	138	13	229	302	229	9	92	13	455	185	27	494	9	0	13	0	249	868	203	358	203	0	185	121	27	35	0	0	0	257	432	456	121	494	35	432	9	249	121
0	39	112	309	27	0	0	395	112	309	335	9	0	0	39	35	66	27	335	66	39	63	0	27	35	63	39	144	0	92	144	138	144	0	9	13	9	39	13	745	138	0	229	745	9	138	13	229	302	229	9	92	13	455	185	27	494	9	0	13	0	249	868	203	358	203	0	185	121	27	35	0	0	0	257	432	456	121	494	35	432	9	249	121
0	39	112	309	27	0	0	395	112	309	335	9	0	0	39	35	66	27	335	66	39	63	0	27	35	63	39	144	0	92	144	138	144	0	9	13	9	39	13	745	138	0	229	745	9	138	13	229	302	229	9	92	13	455	185	27	494	9	0	13	0	249	868	203	358	203	0	185	121	27	35	0	0	0	257	432	456	121	494	35	432	9	249	121
0	39	0	385	0	0	0	395	516	385	103	0	28	516	39	35	69	103	0	69	39	63	0	103	35	63	39	144	28	92	144	138	144	0	28	13	28	39	13	745	138	0	229	745	10	138	13	229	0	229	10	92	13	69	0	210	103	111	0	13	0	149	921	203	111	203	0	69	121	149	35	0	0	0	111	0	459	121	0	35	459	135	149	121
0	39	0	385	0	0	0	395	516	385	103	0	28	516	39	35	69	103	0	69	39	63	0	103	35	63	39	144	28	92	144	138	144	0	28	13	28	39	13	745	138	0	229	745	10	138	13	229	0	229	10	92	13	69	0	210	103	111	0	13	0	149	921	203	111	203	0	69	121	149	35	0	0	0	111	0	459	121	0	35	459	135	149	121
0	39	0	385	0	0	0	395	516	385	103	0	28	516	39	35	69	103	0	69	39	63	0	103	35	63	39	144	28	92	144	138	144	0	28	13	28	39	13	745	138	0	229	745	10	138	13	229	0	229	10	92	13	69	0	210	103	111	0	13	0	149	921	203	111	203	0	69	121	149	35	0	0	0	111	0	459	121	0	35	459	135	149	121
0	0	58	385	75	0	75	585	516	385	103	0	28	516	34	58	69	103	75	69	191	953	236	103	58	236	75	187	28	953	671	143	187	0	28	34	28	191	34	671	898	171	229	671	10	34	14	229	171	229	10	392	34	69	14	210	103	111	14	171	0	149	921	145	111	145	171	69	167	149	167	0	75	0	111	14	459	167	0	0	459	135	149	145
0	0	58	385	75	0	75	585	516	385	103	0	28	516	34	58	69	103	75	69	191	953	236	103	58	236	75	187	28	953	671	143	187	0	28	34	28	191	34	671	898	171	229	671	10	34	14	229	171	229	10	392	34	69	14	210	103	111	14	171	0	149	921	145	111	145	171	69	167	149	167	0	75	0	111	14	459	167	0	0	459	135	149	145
0	0	58	385	75	0	75	585	516	385	103	0	28	516	34	58	69	103	75	69	191	953	236	103	58	236	75	187	28	953	671	143	187	0	28	34	28	191	34	671	898	171	229	671	10	34	14	229	171	229	10	392	34	69	14	210	103	111	14	171	0	149	921	145	111	145	171	69	167	149	167	0	75	0	111	14	459	167	0	0	459	135	149	145
0	866	58	0	75	0	75	585	0	457	0	0	0	866	34	58	69	0	75	69	191	953	236	0	58	236	75	187	0	953	671	143	187	0	0	34	0	191	34	671	898	171	0	671	10	34	14	0	171	0	10	392	34	69	14	0	789	0	14	171	0	149	0	145	0	145	171	69	167	149	167	0	75	0	764	14	459	167	0	0	459	0	149	145
0	866	58	0	75	0	75	585	0	457	0	0	0	866	34	58	69	0	75	69	191	953	236	0	58	236	75	187	0	953	671	143	187	0	0	34	0	191	34	671	898	171	0	671	10	34	14	0	171	0	10	392	34	69	14	0	789	0	14	171	0	149	0	145	0	145	171	69	167	149	167	0	75	0	764	14	459	167	0	0	459	0	149	145
0	866	58	0	75	0	75	585	0	457	0	0	0	866	34	58	69	0	75	69	191	953	236	0	58	236	75	187	0	953	671	143	187	0	0	34	0	191	34	671	898	171	0	671	10	34	14	0	171	0	10	392	34	69	14	0	789	0	14	171	0	149	0	145	0	145	171	69	167	149	167	0	75	0	764	14	459	167	0	0	459	0	149	145
0	866	0	737	85	0	737	37	0	457	363	0	15	866	37	61	157	85	363	61	213	17	370	85	157	370	88	213	0	17	675	45	213	0	15	37	15	0	37	774	45	0	15	774	32	45	17	176	391	32	15	37	17	61	189	45	789	32	176	17	391	427	0	176	0	0	17	61	400	88	157	88	0	0	764	189	88	352	400	157	189	176	88	391
0	866	0	737	85	0	737	37	0	457	363	0	15	866	37	61	157	85	363	61	213	17	370	85	157	370	88	213	0	17	675	45	213	0	15	37	15	0	37	774	45	0	15	774	32	45	17	176	391	32	15	37	17	61	189	45	789	32	176	17	391	427	0	176	0	0	17	61	400	88	157	88	0	0	764	189	88	352	400	157	189	176	88	391
0	866	0	737	85	0	737	37	0	457	363	0	15	866	37	61	157	85	363	61	213	17	370	85	157	370	88	213	0	17	675	45	213	0	15	37	15	0	37	774	45	0	15	774	32	45	17	176	391	32	15	37	17	61	189	45	789	32	176	17	391	427	0	176	0	0	17	61	400	88	157	88	0	0	764	189	88	352	400	157	189	176	88	391
0	0	0	737	85	0	737	37	0	568	363	568	15	0	37	61	157	85	363	61	213	17	370	85	157	370	88	213	0	17	675	45	213	0	15	37	15	0	37	774	45	0	15	774	32	45	17	176	391	32	15	37	17	61	189	45	867	32	176	17	391	427	0	176	0	0	17	61	400	88	157	88	0	0	0	189	88	352	400	157	189	176	88	391
0	0	0	737	85	0	737	37	0	568	363	568	15	0	37	61	157	85	363	61	213	17	370	85	157	370	88	213	0	17	675	45	213	0	15	37	15	0	37	774	45	0	15	774	32	45	17	176	391	32	15	37	17	61	189	45	867	32	176	17	391	427	0	176	0	0	17	61	400	88	157	88	0	0	0	189	88	352	400	157	189	176	88	391
0	0	0	737	85	0	737	37	0	568	363	568	15	0	37	61	157	85	363	61	213	17	370	85	157	370	88	213	0	17	675	45	213	0	15	37	15	0	37	774	45	0	15	774	32	45	17	176	391	32	15	37	17	61	189	45	867	32	176	17	391	427	0	176	0	0	17	61	400	88	157	88	0	0	0	189	88	352	400	157	189	176	88	391
0	0	0	873	152	0	873	37	0	568	428	568	826	428	37	61	157	47	152	61	91	47	0	768	157	620	91	0	31	47	675	45	546	0	31	37	31	768	37	774	45	0	0	774	32	45	47	176	0	32	0	37	47	61	0	45	867	32	176	0	0	743	0	176	0	0	0	61	400	154	157	0	0	0	0	0	460	352	400	157	460	176	154	0
0	0	0	873	152	0	873	37	0	568	428	568	826	428	37	61	157	47	152	61	91	47	0	768	157	620	91	0	31	47	675	45	546	0	31	37	31	768	37	774	45	0	0	774	32	45	47	176	0	32	0	37	47	61	0	45	867	32	176	0	0	743	0	176	0	0	0	61	400	154	157	0	0	0	0	0	460	352	400	157	460	176	154	0
0	0	0	873	152	0	873	37	0	568	428	568	826	428	37	61	157	47	152	61	91	47	0	768	157	620	91	0	31	47	675	45	546	0	31	37	31	768	37	774	45	0	0	774	32	45	47	176	0	32	0	37	47	61	0	45	867	32	176	0	0	743	0	176	0	0	0	61	400	154	157	0	0	0	0	0	460	352	400	157	460	176	154	0
0	0	73	873	152	0	873	0	0	49	428	0	826	428	49	73	0	47	152	110	91	47	0	768	73	620	91	110	31	47	0	140	546	98	31	397	31	768	98	837	0	140	267	837	41	40	47	487	140	267	41	397	47	710	41	274	40	40	487	0	0	743	0	184	0	0	0	41	184	154	260	0	0	0	0	0	460	184	40	0	460	211	154	184
0	0	73	873	152	0	873	0	0	49	428	0	826	428	49	73	0	47	152	110	91	47	0	768	73	620	91	110	31	47	0	140	546	98	31	397	31	768	98	837	0	140	267	837	41	40	47	487	140	267	41	397	47	710	41	274	40	40	487	0	0	743	0	184	0	0	0	41	184	154	260	0	0	0	0	0	460	184	40	0	460	211	154	184
0	0	73	873	152	0	873	0	0	49	428	0	826	428	49	73	0	47	152	110	91	47	0	768	73	620	91	110	31	47	0	140	546	98	31	397	31	768	98	837	0	140	267	837	41	40	47	487	140	267	41	397	47	710	41	274	40	40	487	0	0	743	0	184	0	0	0	41	184	154	260	0	0	0	0	0	460	184	40	0	460	211	154	184
0	0	73	0	247	0	247	0	0	49	497	0	0	497	49	73	0	47	247	110	116	47	46	0	73	0	116	110	0	47	115	140	0	98	115	397	46	0	98	837	0	140	267	837	41	40	47	487	140	267	41	397	47	710	41	274	40	40	487	0	0	0	0	184	0	0	0	41	184	0	260	558	0	0	0	0	558	184	40	0	0	211	376	184
0	0	73	0	247	0	247	0	0	49	497	0	0	497	49	73	0	47	247	110	116	47	46	0	73	0	116	110	0	47	115	140	0	98	115	397	46	0	98	837	0	140	267	837	41	40	47	487	140	267	41	397	47	710	41	274	40	40	487	0	0	0	0	184	0	0	0	41	184	0	260	558	0	0	0	0	558	184	40	0	0	211	376	184
0	0	73	0	247	0	247	0	0	49	497	0	0	497	49	73	0	47	247	110	116	47	46	0	73	0	116	110	0	47	115	140	0	98	115	397	46	0	98	837	0	140	267	837	41	40	47	487	140	267	41	397	47	710	41	274	40	40	487	0	0	0	0	184	0	0	0	41	184	0	260	558	0	0	0	0	558	184	40	0	0	211	376	184
0	0	94	62	247	0	247	0	0	62	497	0	0	497	62	94	0	119	247	110	116	437	46	119	94	0	116	110	437	0	115	140	0	437	115	397	46	0	62	0	0	140	267	0	41	40	0	0	140	267	41	397	0	973	41	119	40	40	344	0	0	0	0	0	0	0	0	41	489	119	94	558	0	0	0	0	558	489	40	94	0	344	376	0
0	0	94	62	247	0	247	0	0	62	497	0	0	497	62	94	0	119	247	110	116	437	46	119	94	0	116	110	437	0	115	140	0	437	115	397	46	0	62	0	0	140	267	0	41	40	0	0	140	267	41	397	0	973	41	119	40	40	344	0	0	0	0	0	0	0	0	41	489	119	94	558	0	0	0	0	558	489	40	94	0	344	376	0
0	0	94	62	247	0	247	0	0	62	497	0	0	497	62	94	0	119	247	110	116	437	46	119	94	0	116	110	437	0	115	140	0	437	115	397	46	0	62	0	0	140	267	0	41	40	0	0	140	267	41	397	0	973	41	119	40	40	344	0	0	0	0	0	0	0	0	41	489	119	94	558	0	0	0	0	558	489	40	94	0	344	376	0
0	0	94	62	258	0	0	0	0	62	711	0	0	711	62	94	0	119	258	42	378	437	46	119	94	0	341	42	437	54	823	239	0	437	124	0	46	0	62	823	0	239	124	0	42	54	52	124	239	42	124	0	54	973	52	119	651	134	344	239	0	0	0	90	134	0	239	90	489	119	94	341	0	0	134	52	341	489	651	94	52	344	472	90
0	0	94	62	258	0	0	0	0	62	711	0	0	711	62	94	0	119	258	42	378	437	46	119	94	0	341	42	437	54	823	239	0	437	124	0	46	0	62	823	0	239	124	0	42	54	52	124	239	42	124	0	54	973	52	119	651	134	344	239	0	0	0	90	134	0	239	90	489	119	94	341	0	0	134	52	341	489	651	94	52	344	472	90
0	0	94	62	258	0	0	0	0	62	711	0	0	711	62	94	0	119	258	42	378	437	46	119	94	0	341	42	437	54	823	239	0	437	124	0	46	0	62	823	0	239	124	0	42	54	52	124	239	42	124	0	54	973	52	119	651	134	344	239	0	0	0	90	134	0	239	90	489	119	94	341	0	0	134	52	341	489	651	94	52	344	472	90
0	78	0	634	258	0	0	0	0	634	711	60	0	711	78	0	230	122	258	42	378	0	60	122	230	60	341	42	0	54	823	239	0	0	124	78	60	0	78	823	0	239	124	0	42	54	52	124	239	42	124	78	54	973	52	122	651	134	0	239	0	0	0	90	134	0	239	90	622	122	327	341	0	0	134	52	341	622	651	0	52	939	472	90
0	78	0	634	258	0	0	0	0	634	711	60	0	711	78	0	230	122	258	42	378	0	60	122	230	60	341	42	0	54	823	239	0	0	124	78	60	0	78	823	0	239	124	0	42	54	52	124	239	42	124	78	54	973	52	122	651	134	0	239	0	0	0	90	134	0	239	90	622	122	327	341	0	0	134	52	341	622	651	0	52	939	472	90
0	78	0	634	258	0	0	0	0	634	711	60	0	711	78	0	230	122	258	42	378	0	60	122	230	60	341	42	0	54	823	239	0	0	124	78	60	0	78	823	0	239	124	0	42	54	52	124	239	42	124	78	54	973	52	122	651	134	0	239	0	0	0	90	134	0	239	90	622	122	327	341	0	0	134	52	341	622	651	0	52	939	472	90
0	78	0	634	264	0	0	0	0	634	450	60	0	0	78	107	230	122	450	107	355	55	60	122	230	60	355	107	127	55	823	398	0	0	127	78	60	355	78	823	0	398	242	0	43	68	55	242	68	43	242	78	55	0	43	122	68	68	555	0	0	0	0	90	555	0	0	90	622	122	327	0	0	0	555	43	0	622	0	0	0	939	0	90
0	78	0	634	264	0	0	0	0	634	450	60	0	0	78	107	230	122	450	107	355	55	60	122	230	60	355	107	127	55	823	398	0	0	127	78	60	355	78	823	0	398	242	0	43	68	55	242	68	43	242	78	55	0	43	122	68	68	555	0	0	0	0	90	555	0	0	90	622	122	327	0	0	0	555	43	0	622	0	0	0	939	0	90
0	78	0	634	264	0	0	0	0	634	450	60	0	0	78	107	230	122	450	107	355	55	60	122	230	60	355	107	127	55	823	398	0	0	127	78	60	355	78	823	0	398	242	0	43	68	55	242	68	43	242	78	55	0	43	122	68	68	555	0	0	0	0	90	555	0	0	90	622	122	327	0	0	0	555	43	0	622	0	0	0	939	0	90
0	0	0	966	264	0	966	0	0	928	450	60	0	0	97	107	0	0	450	107	355	55	60	785	255	60	355	107	127	55	835	398	835	177	127	0	60	355	177	618	0	398	242	0	43	68	55	242	68	43	242	618	55	133	43	454	68	68	555	0	0	0	0	133	555	0	0	133	622	175	357	0	0	0	555	43	175	622	0	0	175	0	175	133
0	0	0	966	264	0	966	0	0	928	450	60	0	0	97	107	0	0	450	107	355	55	60	785	255	60	355	107	127	55	835	398	835	177	127	0	60	355	177	618	0	398	242	0	43	68	55	242	68	43	242	618	55	133	43	454	68	68	555	0	0	0	0	133	555	0	0	133	622	175	357	0	0	0	555	43	175	622	0	0	175	0	175	133
0	0	0	966	264	0	966	0	0	928	450	60	0	0	97	107	0	0	450	107	355	55	60	785	255	60	355	107	127	55	835	398	835	177	127	0	60	355	177	618	0	398	242	0	43	68	55	242	68	43	242	618	55	133	43	454	68	68	555	0	0	0	0	133	555	0	0	133	622	175	357	0	0	0	555	43	175	622	0	0	175	0	175	133
0	0	0	966	273	0	966	0	0	928	129	125	0	0	97	130	0	129	273	130	0	129	125	785	255	125	273	130	127	0	835	614	835	177	127	0	125	0	177	618	0	200	372	0	48	84	57	0	200	372	48	618	84	133	57	454	935	48	57	200	0	0	0	133	48	0	200	133	724	175	357	0	273	0	0	0	175	0	0	0	175	0	175	133
0	0	0	966	273	0	966	0	0	928	129	125	0	0	97	130	0	129	273	130	0	129	125	785	255	125	273	130	127	0	835	614	835	177	127	0	125	0	177	618	0	200	372	0	48	84	57	0	200	372	48	618	84	133	57	454	935	48	57	200	0	0	0	133	48	0	200	133	724	175	357	0	273	0	0	0	175	0	0	0	175	0	175	133
0	0	0	966	273	0	966	0	0	928	129	125	0	0	97	130	0	129	273	130	0	129	125	785	255	125	273	130	127	0	835	614	835	177	127	0	125	0	177	618	0	200	372	0	48	84	57	0	200	372	48	618	84	133	57	454	935	48	57	200	0	0	0	133	48	0	200	133	724	175	357	0	273	0	0	0	175	0	0	0	175	0	175	133
0	0	0	113	273	0	0	0	0	113	129	125	0	0	113	130	0	129	273	130	0	129	125	0	0	125	273	130	0	0	649	614	0	426	0	0	125	0	426	649	907	200	372	0	48	84	57	649	200	372	48	907	84	151	57	0	935	48	57	200	746	0	0	830	48	830	200	151	724	0	0	0	273	0	0	0	0	0	0	0	0	0	746	151
0	0	0	113	273	0	0	0	0	113	129	125	0	0	113	130	0	129	273	130	0	129	125	0	0	125	273	130	0	0	649	614	0	426	0	0	125	0	426	649	907	200	372	0	48	84	57	649	200	372	48	907	84	151	57	0	935	48	57	200	746	0	0	830	48	830	200	151	724	0	0	0	273	0	0	0	0	0	0	0	0	0	746	151
0	0	0	113	273	0	0	0	0	113	129	125	0	0	113	130	0	129	273	130	0	129	125	0	0	125	273	130	0	0	649	614	0	426	0	0	125	0	426	649	907	200	372	0	48	84	57	649	200	372	48	907	84	151	57	0	935	48	57	200	746	0	0	830	48	830	200	151	724	0	0	0	273	0	0	0	0	0	0	0	0	0	746	151
0	0	153	113	511	0	511	0	77	113	945	0	0	77	113	153	0	158	511	0	137	71	817	158	153	817	137	137	0	71	649	0	137	426	77	0	77	0	426	649	907	200	77	0	53	132	71	649	200	0	77	907	71	151	53	158	0	132	0	200	746	0	0	830	132	830	200	151	0	158	153	53	0	0	0	53	0	0	0	153	0	0	746	151
0	0	153	113	511	0	511	0	77	113	945	0	0	77	113	153	0	158	511	0	137	71	817	158	153	817	137	137	0	71	649	0	137	426	77	0	77	0	426	649	907	200	77	0	53	132	71	649	200	0	77	907	71	151	53	158	0	132	0	200	746	0	0	830	132	830	200	151	0	158	153	53	0	0	0	53	0	0	0	153	0	0	746	151
0	0	153	113	511	0	511	0	77	113	945	0	0	77	113	153	0	158	511	0	137	71	817	158	153	817	137	137	0	71	649	0	137	426	77	0	77	0	426	649	907	200	77	0	53	132	71	649	200	0	77	907	71	151	53	158	0	132	0	200	746	0	0	830	132	830	200	151	0	158	153	53	0	0	0	53	0	0	0	153	0	0	746	151
0	0	153	0	511	0	511	0	77	117	945	0	0	77	117	153	367	158	511	367	137	71	817	158	153	817	137	137	0	71	844	251	137	0	77	0	77	0	641	0	907	251	77	0	53	132	71	0	251	0	77	907	71	367	53	158	0	132	0	0	251	0	0	197	132	197	0	367	197	158	153	53	0	0	0	53	0	0	0	153	0	0	251	197
0	0	153	0	511	0	511	0	77	117	945	0	0	77	117	153	367	158	511	367	137	71	817	158	153	817	137	137	0	71	844	251	137	0	77	0	77	0	641	0	907	251	77	0	53	132	71	0	251	0	77	907	71	367	53	158	0	132	0	0	251	0	0	197	132	197	0	367	197	158	153	53	0	0	0	53	0	0	0	153	0	0	251	197
0	0	153	0	511	0	511	0	77	117	945	0	0	77	117	153	367	158	511	367	137	71	817	158	153	817	137	137	0	71	844	251	137	0	77	0	77	0	641	0	907	251	77	0	53	132	71	0	251	0	77	907	71	367	53	158	0	132	0	0	251	0	0	197	132	197	0	367	197	158	153	53	0	0	0	53	0	0	0	153	0	0	251	197
0	0	153	0	174	0	0	0	0	117	896	0	0	0	117	153	367	174	896	367	137	87	0	0	153	87	137	137	0	87	844	251	137	0	64	109	64	0	641	0	0	251	473	0	64	109	82	473	251	0	64	87	109	367	82	0	109	64	473	0	251	0	0	197	473	197	0	367	197	0	153	0	0	0	0	82	0	0	109	153	0	0	251	197
0	0	153	0	174	0	0	0	0	117	896	0	0	0	117	153	367	174	896	367	137	87	0	0	153	87	137	137	0	87	844	251	137	0	64	109	64	0	641	0	0	251	473	0	64	109	82	473	251	0	64	87	109	367	82	0	109	64	473	0	251	0	0	197	473	197	0	367	197	0	153	0	0	0	0	82	0	0	109	153	0	0	251	197
0	0	153	0	174	0	0	0	0	117	896	0	0	0	117	153	367	174	896	367	137	87	0	0	153	87	137	137	0	87	844	251	137	0	64	109	64	0	641	0	0	251	473	0	64	109	82	473	251	0	64	87	109	367	82	0	109	64	473	0	251	0	0	197	473	197	0	367	197	0	153	0	0	0	0	82	0	0	109	153	0	0	251	197
0	0	429	0	174	0	0	0	0	117	896	0	0	0	117	429	0	174	896	0	165	87	0	0	429	87	165	165	0	87	874	467	0	0	64	109	64	0	0	0	0	467	473	0	64	109	82	473	0	0	64	87	109	0	82	0	109	64	473	0	0	0	0	0	473	0	0	0	0	265	429	0	165	0	0	82	265	0	109	0	0	0	265	0
0	0	429	0	174	0	0	0	0	117	896	0	0	0	117	429	0	174	896	0	165	87	0	0	429	87	165	165	0	87	874	467	0	0	64	109	64	0	0	0	0	467	473	0	64	109	82	473	0	0	64	87	109	0	82	0	109	64	473	0	0	0	0	0	473	0	0	0	0	265	429	0	165	0	0	82	265	0	109	0	0	0	265	0
0	0	429	0	174	0	0	0	0	117	896	0	0	0	117	429	0	174	896	0	165	87	0	0	429	87	165	165	0	87	874	467	0	0	64	109	64	0	0	0	0	467	473	0	64	109	82	473	0	0	64	87	109	0	82	0	109	64	473	0	0	0	0	0	473	0	0	0	0	265	429	0	165	0	0	82	265	0	109	0	0	0	265	0
0	0	429	0	805	0	0	86	0	256	343	256	0	0	86	429	256	343	0	142	165	87	0	343	429	87	165	165	0	87	874	467	0	0	67	86	0	0	86	93	0	467	572	93	67	141	86	572	431	0	67	87	86	142	93	343	141	431	572	86	0	0	0	202	572	0	0	93	202	265	429	0	165	202	572	142	265	141	202	0	0	0	265	202
0	0	429	0	805	0	0	86	0	256	343	256	0	0	86	429	256	343	0	142	165	87	0	343	429	87	165	165	0	87	874	467	0	0	67	86	0	0	86	93	0	467	572	93	67	141	86	572	431	0	67	87	86	142	93	343	141	431	572	86	0	0	0	202	572	0	0	93	202	265	429	0	165	202	572	142	265	141	202	0	0	0	265	202
0	0	429	0	805	0	0	86	0	256	343	256	0	0	86	429	256	343	0	142	165	87	0	343	429	87	165	165	0	87	874	467	0	0	67	86	0	0	86	93	0	467	572	93	67	141	86	572	431	0	67	87	86	142	93	343	141	431	572	86	0	0	0	202	572	0	0	93	202	265	429	0	165	202	572	142	265	141	202	0	0	0	265	202
0	0	0	0	805	0	0	86	0	256	343	256	0	0	86	679	256	343	0	142	166	794	156	343	0	156	166	166	0	0	0	0	0	0	67	86	156	794	86	93	0	268	572	93	67	141	86	572	431	0	67	268	86	142	93	343	141	431	572	86	0	0	0	202	572	0	0	93	202	265	647	0	166	202	572	142	265	141	202	0	0	0	265	202
0	0	0	0	805	0	0	86	0	256	343	256	0	0	86	679	256	343	0	142	166	794	156	343	0	156	166	166	0	0	0	0	0	0	67	86	156	794	86	93	0	268	572	93	67	141	86	572	431	0	67	268	86	142	93	343	141	431	572	86	0	0	0	202	572	0	0	93	202	265	647	0	166	202	572	142	265	141	202	0	0	0	265	202
0	0	0	0	805	0	0	86	0	256	343	256	0	0	86	679	256	343	0	142	166	794	156	343	0	156	166	166	0	0	0	0	0	0	67	86	156	794	86	93	0	268	572	93	67	141	86	572	431	0	67	268	86	142	93	343	141	431	572	86	0	0	0	202	572	0	0	93	202	265	647	0	166	202	572	142	265	141	202	0	0	0	265	202
0	0	0	0	805	0	0	0	0	0	343	0	0	0	114	679	292	343	0	142	166	794	156	343	292	156	166	166	0	0	0	604	0	0	67	114	156	794	114	93	0	268	604	93	67	146	551	0	146	0	67	268	114	142	93	343	146	146	0	551	0	0	0	0	0	0	0	93	989	271	647	271	166	0	0	142	271	146	989	0	0	0	271	0
0	0	0	0	805	0	0	0	0	0	343	0	0	0	114	679	292	343	0	142	166	794	156	343	292	156	166	166	0	0	0	604	0	0	67	114	156	794	114	93	0	268	604	93	67	146	551	0	146	0	67	268	114	142	93	343	146	146	0	551	0	0	0	0	0	0	0	93	989	271	647	271	166	0	0	142	271	146	989	0	0	0	271	0
0	0	0	0	805	0	0	0	0	0	343	0	0	0	114	679	292	343	0	142	166	794	156	343	292	156	166	166	0	0	0	604	0	0	67	114	156	794	114	93	0	268	604	93	67	146	551	0	146	0	67	268	114	142	93	343	146	146	0	551	0	0	0	0	0	0	0	93	989	271	647	271	166	0	0	142	271	146	989	0	0	0	271	0
0	0	0	0	836	0	836	0	83	0	0	0	0	83	114	204	292	0	0	204	166	179	0	0	292	179	166	166	0	179	0	604	0	0	83	114	83	0	114	241	0	0	604	0	70	146	551	241	146	0	70	0	114	204	70	0	146	146	241	551	0	0	0	241	0	0	0	204	989	271	0	271	166	0	0	70	271	146	989	0	0	241	271	204
0	0	0	0	836	0	836	0	83	0	0	0	0	83	114	204	292	0	0	204	166	179	0	0	292	179	166	166	0	179	0	604	0	0	83	114	83	0	114	241	0	0	604	0	70	146	551	241	146	0	70	0	114	204	70	0	146	146	241	551	0	0	0	241	0	0	0	204	989	271	0	271	166	0	0	70	271	146	989	0	0	241	271	204
0	0	0	0	836	0	836	0	83	0	0	0	0	83	114	204	292	0	0	204	166	179	0	0	292	179	166	166	0	179	0	604	0	0	83	114	83	0	114	241	0	0	604	0	70	146	551	241	146	0	70	0	114	204	70	0	146	146	241	551	0	0	0	241	0	0	0	204	989	271	0	271	166	0	0	70	271	146	989	0	0	241	271	204
0	0	0	123	836	0	836	0	83	123	0	0	0	83	123	204	0	164	0	204	410	179	0	164	0	179	410	0	0	179	0	604	0	0	83	123	83	410	123	241	356	0	604	0	70	356	0	241	288	0	70	0	800	204	70	356	164	788	241	288	0	0	365	241	0	0	288	204	989	365	0	0	0	0	0	70	365	0	989	0	0	241	365	204
0	0	0	123	836	0	836	0	83	123	0	0	0	83	123	204	0	164	0	204	410	179	0	164	0	179	410	0	0	179	0	604	0	0	83	123	83	410	123	241	356	0	604	0	70	356	0	241	288	0	70	0	800	204	70	356	164	788	241	288	0	0	365	241	0	0	288	204	989	365	0	0	0	0	0	70	365	0	989	0	0	241	365	204
0	0	0	123	836	0	836	0	83	123	0	0	0	83	123	204	0	164	0	204	410	179	0	164	0	179	410	0	0	179	0	604	0	0	83	123	83	410	123	241	356	0	604	0	70	356	0	241	288	0	70	0	800	204	70	356	164	788	241	288	0	0	365	241	0	0	288	204	989	365	0	0	0	0	0	70	365	0	989	0	0	241	365	204
0	0	529	123	0	0	0	0	83	123	0	0	0	83	123	529	0	164	0	72	410	179	513	164	529	179	410	72	0	179	968	766	0	0	83	123	83	410	123	968	356	0	0	968	72	356	101	0	288	72	0	0	800	513	101	356	164	788	574	288	0	0	365	215	574	215	288	0	215	365	529	101	0	0	574	101	365	215	0	0	0	0	365	215
0	0	529	123	0	0	0	0	83	123	0	0	0	83	123	529	0	164	0	72	410	179	513	164	529	179	410	72	0	179	968	766	0	0	83	123	83	410	123	968	356	0	0	968	72	356	101	0	288	72	0	0	800	513	101	356	164	788	574	288	0	0	365	215	574	215	288	0	215	365	529	101	0	0	574	101	365	215	0	0	0	0	365	215
0	0	529	123	0	0	0	0	83	123	0	0	0	83	123	529	0	164	0	72	410	179	513	164	529	179	410	72	0	179	968	766	0	0	83	123	83	410	123	968	356	0	0	968	72	356	101	0	288	72	0	0	800	513	101	356	164	788	574	288	0	0	365	215	574	215	288	0	215	365	529	101	0	0	574	101	365	215	0	0	0	0	365	215
0	762	529	0	0	0	0	148	0	0	762	0	0	762	148	529	0	182	762	72	0	182	513	0	529	762	0	72	0	182	968	766	0	148	160	843	160	0	148	968	0	182	160	968	72	178	101	160	360	72	160	182	843	513	101	0	178	178	574	360	0	0	365	215	574	215	360	0	215	365	529	101	0	0	574	101	365	215	0	0	0	0	365	215
0	762	529	0	0	0	0	148	0	0	762	0	0	762	148	529	0	182	762	72	0	182	513	0	529	762	0	72	0	182	968	766	0	148	160	843	160	0	148	968	0	182	160	968	72	178	101	160	360	72	160	182	843	513	101	0	178	178	574	360	0	0	365	215	574	215	360	0	215	365	529	101	0	0	574	101	365	215	0	0	0	0	365	215
0	762	529	0	0	0	0	148	0	0	762	0	0	762	148	529	0	182	762	72	0	182	513	0	529	762	0	72	0	182	968	766	0	148	160	843	160	0	148	968	0	182	160	968	72	178	101	160	360	72	160	182	843	513	101	0	178	178	574	360	0	0	365	215	574	215	360	0	215	365	529	101	0	0	574	101	365	215	0	0	0	0	365	215
0	762	172	0	0	0	0	148	0	589	762	0	0	762	148	172	589	182	762	172	181	182	562	383	589	762	181	181	0	182	0	0	181	148	160	843	160	383	148	0	0	182	160	0	76	178	128	160	360	0	160	182	843	562	128	383	178	178	0	360	773	0	0	234	0	0	360	562	234	383	589	128	0	0	0	128	0	0	234	589	0	0	773	234
0	762	172	0	0	0	0	148	0	589	762	0	0	762	148	172	589	182	762	172	181	182	562	383	589	762	181	181	0	182	0	0	181	148	160	843	160	383	148	0	0	182	160	0	76	178	128	160	360	0	160	182	843	562	128	383	178	178	0	360	773	0	0	234	0	0	360	562	234	383	589	128	0	0	0	128	0	0	234	589	0	0	773	234
0	762	172	0	0	0	0	148	0	589	762	0	0	762	148	172	589	182	762	172	181	182	562	383	589	762	181	181	0	182	0	0	181	148	160	843	160	383	148	0	0	182	160	0	76	178	128	160	360	0	160	182	843	562	128	383	178	178	0	360	773	0	0	234	0	0	360	562	234	383	589	128	0	0	0	128	0	0	234	589	0	0	773	234
0	0	172	0	0	0	0	148	0	589	0	190	0	0	148	172	589	182	0	172	181	182	562	383	589	0	181	181	0	182	0	0	181	148	190	0	190	383	148	0	0	182	0	0	76	205	128	0	360	0	190	182	0	562	128	383	205	0	0	360	773	0	0	234	0	0	360	562	234	383	589	128	0	0	0	128	0	205	234	589	0	0	773	234
0	0	172	0	0	0	0	148	0	589	0	190	0	0	148	172	589	182	0	172	181	182	562	383	589	0	181	181	0	182	0	0	181	148	190	0	190	383	148	0	0	182	0	0	76	205	128	0	360	0	190	182	0	562	128	383	205	0	0	360	773	0	0	234	0	0	360	562	234	383	589	128	0	0	0	128	0	205	234	589	0	0	773	234
0	0	172	0	0	0	0	148	0	589	0	190	0	0	148	172	589	182	0	172	181	182	562	383	589	0	181	181	0	182	0	0	181	148	190	0	190	383	148	0	0	182	0	0	76	205	128	0	360	0	190	182	0	562	128	383	205	0	0	360	773	0	0	234	0	0	360	562	234	383	589	128	0	0	0	128	0	205	234	589	0	0	773	234
0	216	172	0	0	0	0	0	0	613	566	190	0	566	216	172	613	198	566	172	214	198	562	566	613	566	222	214	198	694	0	259	0	198	190	216	190	0	216	0	0	259	214	0	80	205	147	214	259	214	190	694	147	562	248	0	205	80	0	259	147	0	222	234	80	0	259	562	234	222	0	222	0	0	80	248	222	205	234	0	248	0	222	234
0	216	172	0	0	0	0	0	0	613	566	190	0	566	216	172	613	198	566	172	214	198	562	566	613	566	222	214	198	694	0	259	0	198	190	216	190	0	216	0	0	259	214	0	80	205	147	214	259	214	190	694	147	562	248	0	205	80	0	259	147	0	222	234	80	0	259	562	234	222	0	222	0	0	80	248	222	205	234	0	248	0	222	234
0	216	172	0	0	0	0	0	0	613	566	190	0	566	216	172	613	198	566	172	214	198	562	566	613	566	222	214	198	694	0	259	0	198	190	216	190	0	216	0	0	259	214	0	80	205	147	214	259	214	190	694	147	562	248	0	205	80	0	259	147	0	222	234	80	0	259	562	234	222	0	222	0	0	80	248	222	205	234	0	248	0	222	234
0	216	0	0	0	0	0	0	0	613	566	193	0	566	216	192	613	198	566	192	214	198	193	566	613	566	222	214	198	694	631	259	0	198	631	216	193	0	216	631	0	259	214	0	80	212	147	214	259	214	693	694	147	192	248	0	212	80	0	259	147	0	222	225	80	0	259	192	225	222	225	222	0	225	80	248	222	225	0	0	248	0	222	225
0	216	0	0	0	0	0	0	0	613	566	193	0	566	216	192	613	198	566	192	214	198	193	566	613	566	222	214	198	694	631	259	0	198	631	216	193	0	216	631	0	259	214	0	80	212	147	214	259	214	693	694	147	192	248	0	212	80	0	259	147	0	222	225	80	0	259	192	225	222	225	222	0	225	80	248	222	225	0	0	248	0	222	225
0	216	0	0	0	0	0	0	0	613	566	193	0	566	216	192	613	198	566	192	214	198	193	566	613	566	222	214	198	694	631	259	0	198	631	216	193	0	216	631	0	259	214	0	80	212	147	214	259	214	693	694	147	192	248	0	212	80	0	259	147	0	222	225	80	0	259	192	225	222	225	222	0	225	80	248	222	225	0	0	248	0	222	225
0	0	0	159	0	0	0	0	0	159	0	193	0	0	159	192	0	198	0	192	295	198	193	0	615	0	222	295	198	0	631	259	0	198	631	159	193	0	159	631	0	259	0	0	80	212	159	0	259	295	693	0	159	192	306	0	212	80	0	259	0	0	222	225	80	0	259	192	225	222	225	222	0	225	80	306	222	225	0	0	306	0	222	225
0	0	0	159	0	0	0	0	0	159	0	193	0	0	159	192	0	198	0	192	295	198	193	0	615	0	222	295	198	0	631	259	0	198	631	159	193	0	159	631	0	259	0	0	80	212	159	0	259	295	693	0	159	192	306	0	212	80	0	259	0	0	222	225	80	0	259	192	225	222	225	222	0	225	80	306	222	225	0	0	306	0	222	225
0	0	0	159	0	0	0	0	0	159	0	193	0	0	159	192	0	198	0	192	295	198	193	0	615	0	222	295	198	0	631	259	0	198	631	159	193	0	159	631	0	259	0	0	80	212	159	0	259	295	693	0	159	192	306	0	212	80	0	259	0	0	222	225	80	0	259	192	225	222	225	222	0	225	80	306	222	225	0	0	306	0	222	225
0	0	0	159	0	0	0	0	0	159	415	0	89	0	159	192	0	275	415	192	295	755	0	275	615	755	415	295	0	329	0	0	0	0	89	159	89	0	159	658	0	329	0	0	89	0	159	658	554	295	89	329	159	192	306	275	0	89	658	554	0	0	0	261	89	0	0	192	261	275	0	0	415	0	0	306	0	261	0	0	306	0	275	261
0	0	0	159	0	0	0	0	0	159	415	0	89	0	159	192	0	275	415	192	295	755	0	275	615	755	415	295	0	329	0	0	0	0	89	159	89	0	159	658	0	329	0	0	89	0	159	658	554	295	89	329	159	192	306	275	0	89	658	554	0	0	0	261	89	0	0	192	261	275	0	0	415	0	0	306	0	261	0	0	306	0	275	261
0	0	0	159	0	0	0	0	0	159	415	0	89	0	159	192	0	275	415	192	295	755	0	275	615	755	415	295	0	329	0	0	0	0	89	159	89	0	159	658	0	329	0	0	89	0	159	658	554	295	89	329	159	192	306	275	0	89	658	554	0	0	0	261	89	0	0	192	261	275	0	0	415	0	0	306	0	261	0	0	306	0	275	261
0	199	220	0	0	0	0	0	0	878	415	878	89	0	199	220	692	275	415	220	578	755	0	275	692	755	415	0	0	329	0	0	0	199	89	188	89	0	199	658	0	329	0	0	89	188	161	658	554	0	89	329	188	578	161	275	188	89	658	554	0	0	0	261	89	0	0	0	261	275	692	0	415	0	0	0	0	261	188	0	0	0	275	261
0	199	220	0	0	0	0	0	0	878	415	878	89	0	199	220	692	275	415	220	578	755	0	275	692	755	415	0	0	329	0	0	0	199	89	188	89	0	199	658	0	329	0	0	89	188	161	658	554	0	89	329	188	578	161	275	188	89	658	554	0	0	0	261	89	0	0	0	261	275	692	0	415	0	0	0	0	261	188	0	0	0	275	261
0	199	220	0	0	0	0	0	0	878	415	878	89	0	199	220	692	275	415	220	578	755	0	275	692	755	415	0	0	329	0	0	0	199	89	188	89	0	199	658	0	329	0	0	89	188	161	658	554	0	89	329	188	578	161	275	188	89	658	554	0	0	0	261	89	0	0	0	261	275	692	0	415	0	0	0	0	261	188	0	0	0	275	261
0	199	220	0	0	0	0	0	0	878	0	878	0	0	199	220	692	0	0	220	578	0	194	0	692	194	0	96	0	329	663	0	0	199	663	188	194	0	199	663	0	329	304	0	96	188	161	304	0	96	304	329	188	578	161	0	188	96	0	0	0	0	0	261	0	0	0	0	261	308	692	308	0	0	0	0	308	261	188	0	0	0	0	261
0	199	220	0	0	0	0	0	0	878	0	878	0	0	199	220	692	0	0	220	578	0	194	0	692	194	0	96	0	329	663	0	0	199	663	188	194	0	199	663	0	329	304	0	96	188	161	304	0	96	304	329	188	578	161	0	188	96	0	0	0	0	0	261	0	0	0	0	261	308	692	308	0	0	0	0	308	261	188	0	0	0	0	261
0	199	220	0	0	0	0	0	0	878	0	878	0	0	199	220	692	0	0	220	578	0	194	0	692	194	0	96	0	329	663	0	0	199	663	188	194	0	199	663	0	329	304	0	96	188	161	304	0	96	304	329	188	578	161	0	188	96	0	0	0	0	0	261	0	0	0	0	261	308	692	308	0	0	0	0	308	261	188	0	0	0	0	261
0	283	991	0	0	0	0	0	991	878	231	878	0	0	283	0	991	231	0	0	283	691	194	231	991	194	283	96	691	354	663	0	0	0	663	208	194	283	208	663	0	354	304	0	96	208	161	304	354	96	304	354	208	691	161	208	231	96	0	0	0	0	0	0	0	0	0	299	670	308	670	308	0	0	0	0	308	670	0	0	0	0	0	299
0	283	991	0	0	0	0	0	991	878	231	878	0	0	283	0	991	231	0	0	283	691	194	231	991	194	283	96	691	354	663	0	0	0	663	208	194	283	208	663	0	354	304	0	96	208	161	304	354	96	304	354	208	691	161	208	231	96	0	0	0	0	0	0	0	0	0	299	670	308	670	308	0	0	0	0	308	670	0	0	0	0	0	299
0	283	991	0	0	0	0	0	991	878	231	878	0	0	283	0	991	231	0	0	283	691	194	231	991	194	283	96	691	354	663	0	0	0	663	208	194	283	208	663	0	354	304	0	96	208	161	304	354	96	304	354	208	691	161	208	231	96	0	0	0	0	0	0	0	0	0	299	670	308	670	308	0	0	0	0	308	670	0	0	0	0	0	299
0	283	991	0	0	0	0	0	991	0	231	0	0	235	283	238	991	231	0	238	283	691	0	231	991	0	283	238	691	354	235	0	0	0	235	208	235	283	208	0	0	354	0	0	105	208	162	0	354	0	105	354	208	691	162	208	231	105	162	0	0	374	0	0	105	0	0	299	670	374	670	0	0	0	105	162	0	670	0	0	162	0	374	299
0	283	991	0	0	0	0	0	991	0	231	0	0	235	283	238	991	231	0	238	283	691	0	231	991	0	283	238	691	354	235	0	0	0	235	208	235	283	208	0	0	354	0	0	105	208	162	0	354	0	105	354	208	691	162	208	231	105	162	0	0	374	0	0	105	0	0	299	670	374	670	0	0	0	105	162	0	670	0	0	162	0	374	299
0	283	991	0	0	0	0	0	991	0	231	0	0	235	283	238	991	231	0	238	283	691	0	231	991	0	283	238	691	354	235	0	0	0	235	208	235	283	208	0	0	354	0	0	105	208	162	0	354	0	105	354	208	691	162	208	231	105	162	0	0	374	0	0	105	0	0	299	670	374	670	0	0	0	105	162	0	670	0	0	162	0	374	299
0	0	0	0	596	0	596	0	0	0	0	0	0	235	0	238	0	420	596	238	0	420	0	596	0	596	0	238	0	381	235	0	0	0	235	0	235	0	0	0	280	381	0	0	105	280	162	0	381	0	105	381	0	0	162	0	280	105	162	0	381	374	0	301	105	0	0	0	301	374	0	0	0	0	105	162	0	301	280	0	162	0	374	301
0	0	0	0	596	0	596	0	0	0	0	0	0	235	0	238	0	420	596	238	0	420	0	596	0	596	0	238	0	381	235	0	0	0	235	0	235	0	0	0	280	381	0	0	105	280	162	0	381	0	105	381	0	0	162	0	280	105	162	0	381	374	0	301	105	0	0	0	301	374	0	0	0	0	105	162	0	301	280	0	162	0	374	301
0	0	0	0	596	0	596	0	0	0	0	0	0	235	0	238	0	420	596	238	0	420	0	596	0	596	0	238	0	381	235	0	0	0	235	0	235	0	0	0	280	381	0	0	105	280	162	0	381	0	105	381	0	0	162	0	280	105	162	0	381	374	0	301	105	0	0	0	301	374	0	0	0	0	105	162	0	301	280	0	162	0	374	301
0	0	0	0	596	0	596	168	0	0	0	0	0	235	168	669	253	420	596	253	298	420	0	596	669	596	298	298	0	381	235	0	0	0	235	168	235	0	168	0	280	381	375	0	106	280	168	375	381	106	375	381	168	253	106	0	280	859	375	168	381	374	0	301	859	0	168	106	301	374	0	0	298	0	859	253	0	301	280	0	0	375	374	301
0	0	0	0	596	0	596	168	0	0	0	0	0	235	168	669	253	420	596	253	298	420	0	596	669	596	298	298	0	381	235	0	0	0	235	168	235	0	168	0	280	381	375	0	106	280	168	375	381	106	375	381	168	253	106	0	280	859	375	168	381	374	0	301	859	0	168	106	301	374	0	0	298	0	859	253	0	301	280	0	0	375	374	301
0	0	0	0	596	0	596	168	0	0	0	0	0	235	168	669	253	420	596	253	298	420	0	596	669	596	298	298	0	381	235	0	0	0	235	168	235	0	168	0	280	381	375	0	106	280	168	375	381	106	375	381	168	253	106	0	280	859	375	168	381	374	0	301	859	0	168	106	301	374	0	0	298	0	859	253	0	301	280	0	0	375	374	301
0	0	0	0	748	0	0	168	0	0	393	270	0	0	168	669	253	393	748	253	298	393	748	964	669	748	298	298	270	393	0	0	0	0	270	168	270	0	168	0	280	0	375	0	106	280	168	375	0	106	375	0	168	253	106	964	280	859	375	168	0	0	0	0	859	0	168	106	340	0	340	0	298	0	859	253	0	340	280	0	0	375	0	340
0	0	0	0	748	0	0	168	0	0	393	270	0	0	168	669	253	393	748	253	298	393	748	964	669	748	298	298	270	393	0	0	0	0	270	168	270	0	168	0	280	0	375	0	106	280	168	375	0	106	375	0	168	253	106	964	280	859	375	168	0	0	0	0	859	0	168	106	340	0	340	0	298	0	859	253	0	340	280	0	0	375	0	340
0	0	0	0	748	0	0	168	0	0	393	270	0	0	168	669	253	393	748	253	298	393	748	964	669	748	298	298	270	393	0	0	0	0	270	168	270	0	168	0	280	0	375	0	106	280	168	375	0	106	375	0	168	253	106	964	280	859	375	168	0	0	0	0	859	0	168	106	340	0	340	0	298	0	859	253	0	340	280	0	0	375	0	340
0	0	0	0	748	0	0	224	0	0	393	270	0	0	224	0	253	393	748	253	0	393	748	964	0	748	389	334	270	393	334	0	334	224	270	173	270	0	224	501	0	0	846	0	106	286	173	501	286	106	846	0	173	253	106	964	286	286	501	0	0	389	0	0	501	0	0	106	340	389	340	389	0	0	0	253	389	340	286	0	0	0	389	340
0	0	0	0	748	0	0	224	0	0	393	270	0	0	224	0	253	393	748	253	0	393	748	964	0	748	389	334	270	393	334	0	334	224	270	173	270	0	224	501	0	0	846	0	106	286	173	501	286	106	846	0	173	253	106	964	286	286	501	0	0	389	0	0	501	0	0	106	340	389	340	389	0	0	0	253	389	340	286	0	0	0	389	340
0	0	0	0	748	0	0	224	0	0	393	270	0	0	224	0	253	393	748	253	0	393	748	964	0	748	389	334	270	393	334	0	334	224	270	173	270	0	224	501	0	0	846	0	106	286	173	501	286	106	846	0	173	253	106	964	286	286	501	0	0	389	0	0	501	0	0	106	340	389	340	389	0	0	0	253	389	340	286	0	0	0	389	340
0	0	319	0	0	0	0	224	0	0	393	270	0	0	224	319	0	393	0	319	0	393	0	964	0	0	389	334	270	393	334	0	334	224	270	173	270	0	224	501	0	0	846	250	108	286	173	501	286	108	846	0	173	319	250	964	286	286	501	0	0	389	0	0	501	0	0	0	340	389	340	389	0	0	0	319	389	340	286	0	0	0	389	340
0	0	319	0	0	0	0	224	0	0	393	270	0	0	224	319	0	393	0	319	0	393	0	964	0	0	389	334	270	393	334	0	334	224	270	173	270	0	224	501	0	0	846	250	108	286	173	501	286	108	846	0	173	319	250	964	286	286	501	0	0	389	0	0	501	0	0	0	340	389	340	389	0	0	0	319	389	340	286	0	0	0	389	340
0	0	319	0	0	0	0	224	0	0	393	270	0	0	224	319	0	393	0	319	0	393	0	964	0	0	389	334	270	393	334	0	334	224	270	173	270	0	224	501	0	0	846	250	108	286	173	501	286	108	846	0	173	319	250	964	286	286	501	0	0	389	0	0	501	0	0	0	340	389	340	389	0	0	0	319	389	340	286	0	0	0	389	340
0	0	319	0	0	0	0	0	0	195	0	0	281	0	195	319	0	0	0	319	342	435	0	0	0	435	342	342	435	758	0	0	0	435	281	195	281	0	195	0	0	0	281	250	108	286	195	281	286	108	281	758	195	319	250	0	286	286	0	0	195	0	0	0	0	0	0	0	864	418	435	0	0	0	0	319	0	864	286	0	0	418	195	0
0	0	319	0	0	0	0	0	0	195	0	0	281	0	195	319	0	0	0	319	342	435	0	0	0	435	342	342	435	758	0	0	0	435	281	195	281	0	195	0	0	0	281	250	108	286	195	281	286	108	281	758	195	319	250	0	286	286	0	0	195	0	0	0	0	0	0	0	864	418	435	0	0	0	0	319	0	864	286	0	0	418	195	0
0	0	319	0	0	0	0	0	0	195	0	0	281	0	195	319	0	0	0	319	342	435	0	0	0	435	342	342	435	758	0	0	0	435	281	195	281	0	195	0	0	0	281	250	108	286	195	281	286	108	281	758	195	319	250	0	286	286	0	0	195	0	0	0	0	0	0	0	864	418	435	0	0	0	0	319	0	864	286	0	0	418	195	0
0	0	0	0	0	0	0	0	0	195	386	0	281	0	195	0	0	386	0	325	342	435	0	386	0	435	342	342	435	758	0	294	0	435	281	195	281	0	195	0	294	436	281	250	108	294	195	281	436	108	281	758	195	325	250	0	386	990	0	436	195	0	0	0	990	0	0	325	864	418	435	0	0	0	990	0	0	864	0	0	0	418	195	325
0	0	0	0	0	0	0	0	0	195	386	0	281	0	195	0	0	386	0	325	342	435	0	386	0	435	342	342	435	758	0	294	0	435	281	195	281	0	195	0	294	436	281	250	108	294	195	281	436	108	281	758	195	325	250	0	386	990	0	436	195	0	0	0	990	0	0	325	864	418	435	0	0	0	990	0	0	864	0	0	0	418	195	325
0	0	0	0	0	0	0	0	0	195	386	0	281	0	195	0	0	386	0	325	342	435	0	386	0	435	342	342	435	758	0	294	0	435	281	195	281	0	195	0	294	436	281	250	108	294	195	281	436	108	281	758	195	325	250	0	386	990	0	436	195	0	0	0	990	0	0	325	864	418	435	0	0	0	990	0	0	864	0	0	0	418	195	325
0	0	0	0	0	0	0	0	0	195	386	0	0	0	195	652	0	386	0	325	342	0	347	386	652	0	342	342	0	0	0	294	0	0	131	195	347	0	195	902	294	436	368	368	131	294	195	0	436	368	131	902	195	325	0	0	386	990	0	436	195	0	0	0	990	0	0	325	0	418	652	0	0	0	990	0	0	652	0	0	0	418	195	325
0	0	0	0	0	0	0	0	0	195	386	0	0	0	195	652	0	386	0	325	342	0	347	386	652	0	342	342	0	0	0	294	0	0	131	195	347	0	195	902	294	436	368	368	131	294	195	0	436	368	131	902	195	325	0	0	386	990	0	436	195	0	0	0	990	0	0	325	0	418	652	0	0	0	990	0	0	652	0	0	0	418	195	325
0	0	0	0	0	0	0	0	0	195	386	0	0	0	195	652	0	386	0	325	342	0	347	386	652	0	342	342	0	0	0	294	0	0	131	195	347	0	195	902	294	436	368	368	131	294	195	0	436	368	131	902	195	325	0	0	386	990	0	436	195	0	0	0	990	0	0	325	0	418	652	0	0	0	990	0	0	652	0	0	0	418	195	325
0	0	0	0	411	0	0	0	0	0	684	0	0	684	209	652	0	411	684	325	0	411	347	684	652	684	305	0	411	0	0	294	0	411	131	209	347	0	209	902	294	441	368	368	131	294	311	0	441	368	131	902	209	325	311	0	0	999	311	0	0	0	0	0	0	0	0	325	0	305	652	305	0	0	0	0	305	652	0	0	0	999	305	325
0	0	0	0	411	0	0	0	0	0	684	0	0	684	209	652	0	411	684	325	0	411	347	684	652	684	305	0	411	0	0	294	0	411	131	209	347	0	209	902	294	441	368	368	131	294	311	0	441	368	131	902	209	325	311	0	0	999	311	0	0	0	0	0	0	0	0	325	0	305	652	305	0	0	0	0	305	652	0	0	0	999	305	325
0	0	0	0	411	0	0	0	0	0	684	0	0	684	209	652	0	411	684	325	0	411	347	684	652	684	305	0	411	0	0	294	0	411	131	209	347	0	209	902	294	441	368	368	131	294	311	0	441	368	131	902	209	325	311	0	0	999	311	0	0	0	0	0	0	0	0	325	0	305	652	305	0	0	0	0	305	652	0	0	0	999	305	325
0	0	0	0	411	0	0	0	0	0	684	0	0	684	209	698	481	411	684	481	0	411	407	684	698	684	305	481	411	0	0	300	481	411	131	209	0	0	209	0	300	441	368	368	131	300	311	0	441	368	131	0	209	407	311	0	300	999	311	0	0	0	0	366	0	0	0	0	366	305	729	305	0	0	0	407	305	729	0	0	0	999	305	366
0	0	0	0	411	0	0	0	0	0	684	0	0	684	209	698	481	411	684	481	0	411	407	684	698	684	305	481	411	0	0	300	481	411	131	209	0	0	209	0	300	441	368	368	131	300	311	0	441	368	131	0	209	407	311	0	300	999	311	0	0	0	0	366	0	0	0	0	366	305	729	305	0	0	0	407	305	729	0	0	0	999	305	366
0	0	0	0	411	0	0	0	0	0	684	0	0	684	209	698	481	411	684	481	0	411	407	684	698	684	305	481	411	0	0	300	481	411	131	209	0	0	209	0	300	441	368	368	131	300	311	0	441	368	131	0	209	407	311	0	300	999	311	0	0	0	0	366	0	0	0	0	366	305	729	305	0	0	0	407	305	729	0	0	0	999	305	366
0	0	0	0	411	0	0	0	0	0	701	0	136	0	209	698	481	411	701	481	0	411	407	701	698	701	305	481	411	0	609	300	481	411	136	209	136	0	209	609	300	0	0	0	136	300	0	609	0	0	136	0	209	407	324	701	300	0	609	0	0	0	0	366	609	0	0	0	366	305	729	305	0	0	609	407	305	729	0	0	0	0	305	366
0	0	0	0	411	0	0	0	0	0	701	0	136	0	209	698	481	411	701	481	0	411	407	701	698	701	305	481	411	0	609	300	481	411	136	209	136	0	209	609	300	0	0	0	136	300	0	609	0	0	136	0	209	407	324	701	300	0	609	0	0	0	0	366	609	0	0	0	366	305	729	305	0	0	609	407	305	729	0	0	0	0	305	366
0	0	0	0	411	0	0	0	0	0	701	0	136	0	209	698	481	411	701	481	0	411	407	701	698	701	305	481	411	0	609	300	481	411	136	209	136	0	209	609	300	0	0	0	136	300	0	609	0	0	136	0	209	407	324	701	300	0	609	0	0	0	0	366	609	0	0	0	366	305	729	305	0	0	609	407	305	729	0	0	0	0	305	366
0	0	0	0	0	0	0	0	0	733	701	0	136	0	263	698	733	0	701	733	0	0	407	701	698	701	359	492	0	219	609	0	263	0	136	903	136	733	263	609	0	903	0	0	136	387	219	609	387	492	136	903	219	407	324	701	387	387	609	0	0	0	0	0	609	0	0	0	390	396	0	359	0	0	609	407	359	390	387	0	0	0	396	390
0	0	0	0	0	0	0	0	0	733	701	0	136	0	263	698	733	0	701	733	0	0	407	701	698	701	359	492	0	219	609	0	263	0	136	903	136	733	263	609	0	903	0	0	136	387	219	609	387	492	136	903	219	407	324	701	387	387	609	0	0	0	0	0	609	0	0	0	390	396	0	359	0	0	609	407	359	390	387	0	0	0	396	390
0	0	0	0	0	0	0	0	0	733	701	0	136	0	263	698	733	0	701	733	0	0	407	701	698	701	359	492	0	219	609	0	263	0	136	903	136	733	263	609	0	903	0	0	136	387	219	609	387	492	136	903	219	407	324	701	387	387	609	0	0	0	0	0	609	0	0	0	390	396	0	359	0	0	609	407	359	390	387	0	0	0	396	390
0	0	784	0	468	0	0	0	0	733	701	0	0	282	263	784	733	468	701	733	0	616	468	701	784	701	359	492	616	219	0	0	263	0	282	903	282	733	263	642	0	903	0	0	139	387	219	642	387	492	139	903	219	616	333	701	387	387	642	0	0	0	0	642	0	0	0	333	390	396	0	359	0	0	0	616	359	390	387	0	0	642	396	390
0	0	784	0	468	0	0	0	0	733	701	0	0	282	263	784	733	468	701	733	0	616	468	701	784	701	359	492	616	219	0	0	263	0	282	903	282	733	263	642	0	903	0	0	139	387	219	642	387	492	139	903	219	616	333	701	387	387	642	0	0	0	0	642	0	0	0	333	390	396	0	359	0	0	0	616	359	390	387	0	0	642	396	390
0	0	784	0	468	0	0	0	0	733	701	0	0	282	263	784	733	468	701	733	0	616	468	701	784	701	359	492	616	219	0	0	263	0	282	903	282	733	263	642	0	903	0	0	139	387	219	642	387	492	139	903	219	616	333	701	387	387	642	0	0	0	0	642	0	0	0	333	390	396	0	359	0	0	0	616	359	390	387	0	0	642	396	390
0	0	784	0	468	0	0	0	0	0	0	0	0	282	263	784	0	468	0	0	0	616	468	0	784	0	359	492	616	219	0	465	263	0	282	0	282	0	263	642	0	465	0	899	139	403	219	642	465	492	139	0	219	616	333	0	403	899	642	0	465	0	899	642	899	0	0	333	390	396	0	359	0	0	899	616	359	390	0	0	0	642	396	390
0	0	784	0	468	0	0	0	0	0	0	0	0	282	263	784	0	468	0	0	0	616	468	0	784	0	359	492	616	219	0	465	263	0	282	0	282	0	263	642	0	465	0	899	139	403	219	642	465	492	139	0	219	616	333	0	403	899	642	0	465	0	899	642	899	0	0	333	390	396	0	359	0	0	899	616	359	390	0	0	0	642	396	390
0	0	784	0	468	0	0	0	0	0	0	0	0	282	263	784	0	468	0	0	0	616	468	0	784	0	359	492	616	219	0	465	263	0	282	0	282	0	263	642	0	465	0	899	139	403	219	642	465	492	139	0	219	616	333	0	403	899	642	0	465	0	899	642	899	0	0	333	390	396	0	359	0	0	899	616	359	390	0	0	0	642	396	390
0	237	784	0	0	0	0	0	0	0	447	0	0	310	237	784	388	447	0	388	409	447	727	401	784	727	409	409	0	447	0	465	409	0	310	237	310	0	237	0	0	465	0	899	139	403	237	728	465	0	139	447	237	388	401	0	403	899	728	237	465	417	899	388	899	0	237	388	727	417	727	0	0	0	899	0	417	727	0	0	417	0	417	388
0	237	784	0	0	0	0	0	0	0	447	0	0	310	237	784	388	447	0	388	409	447	727	401	784	727	409	409	0	447	0	465	409	0	310	237	310	0	237	0	0	465	0	899	139	403	237	728	465	0	139	447	237	388	401	0	403	899	728	237	465	417	899	388	899	0	237	388	727	417	727	0	0	0	899	0	417	727	0	0	417	0	417	388
0	237	784	0	0	0	0	0	0	0	447	0	0	310	237	784	388	447	0	388	409	447	727	401	784	727	409	409	0	447	0	465	409	0	310	237	310	0	237	0	0	465	0	899	139	403	237	728	465	0	139	447	237	388	401	0	403	899	728	237	465	417	899	388	899	0	237	388	727	417	727	0	0	0	899	0	417	727	0	0	417	0	417	388
0	237	0	0	0	0	0	0	0	0	447	0	0	310	237	0	388	447	0	388	409	447	727	401	0	727	409	409	0	447	0	465	409	0	310	237	310	0	237	0	443	465	402	402	180	443	237	728	465	0	402	447	237	388	401	0	443	0	728	237	465	417	0	388	0	0	237	388	727	417	727	0	0	0	0	0	417	727	0	0	417	0	417	388
0	237	0	0	0	0	0	0	0	0	447	0	0	310	237	0	388	447	0	388	409	447	727	401	0	727	409	409	0	447	0	465	409	0	310	237	310	0	237	0	443	465	402	402	180	443	237	728	465	0	402	447	237	388	401	0	443	0	728	237	465	417	0	388	0	0	237	388	727	417	727	0	0	0	0	0	417	727	0	0	417	0	417	388
0	237	0	0	0	0	0	0	0	0	447	0	0	310	237	0	388	447	0	388	409	447	727	401	0	727	409	409	0	447	0	465	409	0	310	237	310	0	237	0	443	465	402	402	180	443	237	728	465	0	402	447	237	388	401	0	443	0	728	237	465	417	0	388	0	0	237	388	727	417	727	0	0	0	0	0	417	727	0	0	417	0	417	388
0	0	469	0	0	904	0	0	0	904	0	0	904	310	246	469	904	0	0	469	904	659	0	401	904	659	416	519	659	0	0	0	0	659	310	246	310	904	246	0	443	543	402	402	180	443	246	807	543	0	402	0	246	469	401	0	443	0	807	0	246	0	0	422	807	0	0	469	422	416	659	416	0	0	807	0	416	422	0	659	0	0	0	422
0	0	469	0	0	904	0	0	0	904	0	0	904	310	246	469	904	0	0	469	904	659	0	401	904	659	416	519	659	0	0	0	0	659	310	246	310	904	246	0	443	543	402	402	180	443	246	807	543	0	402	0	246	469	401	0	443	0	807	0	246	0	0	422	807	0	0	469	422	416	659	416	0	0	807	0	416	422	0	659	0	0	0	422
0	0	469	0	0	904	0	0	0	904	0	0	904	310	246	469	904	0	0	469	904	659	0	401	904	659	416	519	659	0	0	0	0	659	310	246	310	904	246	0	443	543	402	402	180	443	246	807	543	0	402	0	246	469	401	0	443	0	807	0	246	0	0	422	807	0	0	469	422	416	659	416	0	0	807	0	416	422	0	659	0	0	0	422
0	0	469	0	406	904	406	0	0	904	0	183	904	0	246	469	904	406	0	469	904	659	0	406	904	659	416	519	659	0	0	0	0	659	183	246	183	904	246	0	451	543	557	557	183	451	246	807	543	557	183	0	246	469	406	0	0	183	807	0	246	0	0	422	807	0	0	469	422	416	659	416	0	0	807	0	416	422	0	659	0	0	0	422
0	0	469	0	406	904	406	0	0	904	0	183	904	0	246	469	904	406	0	469	904	659	0	406	904	659	416	519	659	0	0	0	0	659	183	246	183	904	246	0	451	543	557	557	183	451	246	807	543	557	183	0	246	469	406	0	0	183	807	0	246	0	0	422	807	0	0	469	422	416	659	416	0	0	807	0	416	422	0	659	0	0	0	422
0	0	469	0	406	904	406	0	0	904	0	183	904	0	246	469	904	406	0	469	904	659	0	406	904	659	416	519	659	0	0	0	0	659	183	246	183	904	246	0	451	543	557	557	183	451	246	807	543	557	183	0	246	469	406	0	0	183	807	0	246	0	0	422	807	0	0	469	422	416	659	416	0	0	807	0	416	422	0	659	0	0	0	422
0	0	0	0	406	0	406	0	741	262	438	183	0	438	262	495	741	406	438	495	0	581	0	406	741	0	438	541	0	581	541	0	541	0	183	262	183	581	262	0	451	581	557	557	183	451	262	807	714	557	183	581	262	495	406	0	0	183	807	0	714	0	0	446	807	0	0	0	0	0	741	0	438	446	807	0	0	0	0	741	0	0	0	446
0	0	0	0	406	0	406	0	741	262	438	183	0	438	262	495	741	406	438	495	0	581	0	406	741	0	438	541	0	581	541	0	541	0	183	262	183	581	262	0	451	581	557	557	183	451	262	807	714	557	183	581	262	495	406	0	0	183	807	0	714	0	0	446	807	0	0	0	0	0	741	0	438	446	807	0	0	0	0	741	0	0	0	446
0	0	0	0	406	0	406	0	741	262	438	183	0	438	262	495	741	406	438	495	0	581	0	406	741	0	438	541	0	581	541	0	541	0	183	262	183	581	262	0	451	581	557	557	183	451	262	807	714	557	183	581	262	495	406	0	0	183	807	0	714	0	0	446	807	0	0	0	0	0	741	0	438	446	807	0	0	0	0	741	0	0	0	446
0	0	0	0	408	0	0	0	741	262	438	183	0	438	262	495	741	408	438	495	0	581	0	408	741	0	438	541	0	581	541	0	541	0	183	262	183	581	262	0	451	581	557	557	183	451	262	0	714	557	183	581	262	495	430	408	0	183	0	0	714	0	0	446	0	0	0	0	0	408	741	430	438	446	0	430	0	0	0	741	0	0	408	446
0	0	0	0	408	0	0	0	741	262	438	183	0	438	262	495	741	408	438	495	0	581	0	408	741	0	438	541	0	581	541	0	541	0	183	262	183	581	262	0	451	581	557	557	183	451	262	0	714	557	183	581	262	495	430	408	0	183	0	0	714	0	0	446	0	0	0	0	0	408	741	430	438	446	0	430	0	0	0	741	0	0	408	446
0	0	0	0	408	0	0	0	741	262	438	183	0	438	262	495	741	408	438	495	0	581	0	408	741	0	438	541	0	581	541	0	541	0	183	262	183	581	262	0	451	581	557	557	183	451	262	0	714	557	183	581	262	495	430	408	0	183	0	0	714	0	0	446	0	0	0	0	0	408	741	430	438	446	0	430	0	0	0	741	0	0	408	446
0	0	0	0	408	0	0	0	741	266	438	0	276	438	266	495	741	408	438	495	0	838	0	408	741	0	438	0	0	287	0	452	0	0	276	266	276	838	266	640	452	266	0	0	196	452	287	640	738	196	276	266	287	495	430	408	452	196	640	738	0	0	0	640	196	0	0	531	0	408	741	430	438	0	196	430	0	0	0	741	0	640	408	531
0	0	0	0	408	0	0	0	741	266	438	0	276	438	266	495	741	408	438	495	0	838	0	408	741	0	438	0	0	287	0	452	0	0	276	266	276	838	266	640	452	266	0	0	196	452	287	640	738	196	276	266	287	495	430	408	452	196	640	738	0	0	0	640	196	0	0	531	0	408	741	430	438	0	196	430	0	0	0	741	0	640	408	531
0	0	0	0	408	0	0	0	741	266	438	0	276	438	266	495	741	408	438	495	0	838	0	408	741	0	438	0	0	287	0	452	0	0	276	266	276	838	266	640	452	266	0	0	196	452	287	640	738	196	276	266	287	495	430	408	452	196	640	738	0	0	0	640	196	0	0	531	0	408	741	430	438	0	196	430	0	0	0	741	0	640	408	531
0	580	797	0	0	0	0	0	982	266	580	0	276	580	266	797	982	448	580	982	453	838	580	448	797	580	453	453	0	287	0	452	453	0	276	266	276	838	266	640	452	266	0	0	196	452	287	640	738	196	276	266	287	0	0	448	452	196	640	738	0	0	0	640	196	0	0	531	0	448	797	0	453	0	196	0	0	0	0	0	0	640	0	531
0	580	797	0	0	0	0	0	982	266	580	0	276	580	266	797	982	448	580	982	453	838	580	448	797	580	453	453	0	287	0	452	453	0	276	266	276	838	266	640	452	266	0	0	196	452	287	640	738	196	276	266	287	0	0	448	452	196	640	738	0	0	0	640	196	0	0	531	0	448	797	0	453	0	196	0	0	0	0	0	0	640	0	531
0	580	797	0	0	0	0	0	982	266	580	0	276	580	266	797	982	448	580	982	453	838	580	448	797	580	453	453	0	287	0	452	453	0	276	266	276	838	266	640	452	266	0	0	196	452	287	640	738	196	276	266	287	0	0	448	452	196	640	738	0	0	0	640	196	0	0	531	0	448	797	0	453	0	196	0	0	0	0	0	0	640	0	531
0	580	797	269	0	0	0	0	982	269	580	0	276	580	269	797	982	448	580	982	453	0	580	448	797	580	453	453	0	0	0	0	453	0	276	269	276	0	269	640	0	539	0	0	207	442	331	640	539	0	276	539	269	601	331	448	442	442	640	0	539	0	0	640	0	0	0	601	0	448	797	331	453	0	0	331	0	442	0	0	0	640	0	539
0	580	797	269	0	0	0	0	982	269	580	0	276	580	269	797	982	448	580	982	453	0	580	448	797	580	453	453	0	0	0	0	453	0	276	269	276	0	269	640	0	539	0	0	207	442	331	640	539	0	276	539	269	601	331	448	442	442	640	0	539	0	0	640	0	0	0	601	0	448	797	331	453	0	0	331	0	442	0	0	0	640	0	539
0	580	797	269	0	0	0	0	982	269	580	0	276	580	269	797	982	448	580	982	453	0	580	448	797	580	453	453	0	0	0	0	453	0	276	269	276	0	269	640	0	539	0	0	207	442	331	640	539	0	276	539	269	601	331	448	442	442	640	0	539	0	0	640	0	0	0	601	0	448	797	331	453	0	0	331	0	442	0	0	0	640	0	539
0	0	832	269	464	0	464	0	832	269	521	0	353	0	269	507	832	464	521	507	0	464	0	0	832	0	521	507	0	464	0	0	0	0	332	269	353	0	269	0	0	539	332	0	207	442	331	332	539	0	332	539	269	601	331	0	442	442	0	0	539	0	0	0	0	0	0	601	0	0	832	331	521	0	0	331	0	442	0	832	0	0	0	539
0	0	832	269	464	0	464	0	832	269	521	0	353	0	269	507	832	464	521	507	0	464	0	0	832	0	521	507	0	464	0	0	0	0	332	269	353	0	269	0	0	539	332	0	207	442	331	332	539	0	332	539	269	601	331	0	442	442	0	0	539	0	0	0	0	0	0	601	0	0	832	331	521	0	0	331	0	442	0	832	0	0	0	539
0	0	832	269	464	0	464	0	832	269	521	0	353	0	269	507	832	464	521	507	0	464	0	0	832	0	521	507	0	464	0	0	0	0	332	269	353	0	269	0	0	539	332	0	207	442	331	332	539	0	332	539	269	601	331	0	442	442	0	0	539	0	0	0	0	0	0	601	0	0	832	331	521	0	0	331	0	442	0	832	0	0	0	539
0	0	832	269	464	0	464	0	832	269	521	0	353	0	269	507	832	464	521	507	0	464	0	706	832	0	521	507	0	464	0	485	0	0	332	269	353	0	269	0	485	539	332	0	221	485	0	332	539	0	332	539	269	0	440	485	706	445	0	0	539	0	419	445	0	0	0	0	0	419	832	419	521	0	0	440	419	0	706	832	0	445	419	539
0	0	832	269	464	0	464	0	832	269	521	0	353	0	269	507	832	464	521	507	0	464	0	706	832	0	521	507	0	464	0	485	0	0	332	269	353	0	269	0	485	539	332	0	221	485	0	332	539	0	332	539	269	0	440	485	706	445	0	0	539	0	419	445	0	0	0	0	0	419	832	419	521	0	0	440	419	0	706	832	0	445	419	539
0	0	832	269	464	0	464	0	832	269	521	0	353	0	269	507	832	464	521	507	0	464	0	706	832	0	521	507	0	464	0	485	0	0	332	269	353	0	269	0	485	539	332	0	221	485	0	332	539	0	332	539	269	0	440	485	706	445	0	0	539	0	419	445	0	0	0	0	0	419	832	419	521	0	0	440	419	0	706	832	0	445	419	539
0	0	0	0	466	0	0	0	0	0	610	337	0	610	328	739	515	466	610	515	328	603	466	706	739	0	610	515	0	603	337	485	515	0	337	285	337	328	285	0	485	603	404	404	221	485	285	0	603	0	404	603	285	603	440	485	706	445	0	285	0	0	419	445	0	0	0	603	0	419	739	419	610	0	0	440	419	739	706	0	0	445	419	0
0	0	0	0	466	0	0	0	0	0	610	337	0	610	328	739	515	466	610	515	328	603	466	706	739	0	610	515	0	603	337	485	515	0	337	285	337	328	285	0	485	603	404	404	221	485	285	0	603	0	404	603	285	603	440	485	706	445	0	285	0	0	419	445	0	0	0	603	0	419	739	419	610	0	0	440	419	739	706	0	0	445	419	0
0	0	0	0	466	0	0	0	0	0	610	337	0	610	328	739	515	466	610	515	328	603	466	706	739	0	610	515	0	603	337	485	515	0	337	285	337	328	285	0	485	603	404	404	221	485	285	0	603	0	404	603	285	603	440	485	706	445	0	285	0	0	419	445	0	0	0	603	0	419	739	419	610	0	0	440	419	739	706	0	0	445	419	0
0	0	0	0	466	0	0	0	0	0	610	337	0	610	328	739	515	466	610	515	328	603	466	706	739	0	610	515	0	603	337	0	515	0	337	285	337	328	285	0	0	603	404	404	223	0	285	0	603	0	404	603	285	603	0	0	706	223	0	285	0	0	419	536	223	0	0	603	536	419	739	419	610	0	223	0	419	739	706	0	0	0	419	536
0	0	0	0	466	0	0	0	0	0	610	337	0	610	328	739	515	466	610	515	328	603	466	706	739	0	610	515	0	603	337	0	515	0	337	285	337	328	285	0	0	603	404	404	223	0	285	0	603	0	404	603	285	603	0	0	706	223	0	285	0	0	419	536	223	0	0	603	536	419	739	419	610	0	223	0	419	739	706	0	0	0	419	536
0	0	0	0	466	0	0	0	0	0	610	337	0	610	328	739	515	466	610	515	328	603	466	706	739	0	610	515	0	603	337	0	515	0	337	285	337	328	285	0	0	603	404	404	223	0	285	0	603	0	404	603	285	603	0	0	706	223	0	285	0	0	419	536	223	0	0	603	536	419	739	419	610	0	223	0	419	739	706	0	0	0	419	536
0	289	0	0	466	0	0	0	0	0	930	337	0	930	289	499	0	466	930	499	545	0	466	0	0	0	545	499	0	0	337	0	0	0	337	289	337	545	289	0	0	0	499	0	223	289	377	499	827	499	0	0	289	0	377	289	0	223	0	0	0	0	0	536	223	0	0	0	536	434	0	434	545	0	223	377	434	0	0	0	377	0	434	536
0	289	0	0	466	0	0	0	0	0	930	337	0	930	289	499	0	466	930	499	545	0	466	0	0	0	545	499	0	0	337	0	0	0	337	289	337	545	289	0	0	0	499	0	223	289	377	499	827	499	0	0	289	0	377	289	0	223	0	0	0	0	0	536	223	0	0	0	536	434	0	434	545	0	223	377	434	0	0	0	377	0	434	536
0	289	0	0	466	0	0	0	0	0	930	337	0	930	289	499	0	466	930	499	545	0	466	0	0	0	545	499	0	0	337	0	0	0	337	289	337	545	289	0	0	0	499	0	223	289	377	499	827	499	0	0	289	0	377	289	0	223	0	0	0	0	0	536	223	0	0	0	536	434	0	434	545	0	223	377	434	0	0	0	377	0	434	536
0	289	0	0	474	0	0	0	0	0	930	382	0	930	289	499	0	474	930	499	545	474	382	0	0	382	545	499	0	474	0	0	0	0	0	289	382	545	289	0	0	474	499	0	223	289	377	499	827	499	0	474	289	0	377	289	0	223	0	0	0	0	0	536	223	0	0	0	536	434	382	434	545	0	223	377	434	0	0	0	377	0	434	536
0	289	0	0	474	0	0	0	0	0	930	382	0	930	289	499	0	474	930	499	545	474	382	0	0	382	545	499	0	474	0	0	0	0	0	289	382	545	289	0	0	474	499	0	223	289	377	499	827	499	0	474	289	0	377	289	0	223	0	0	0	0	0	536	223	0	0	0	536	434	382	434	545	0	223	377	434	0	0	0	377	0	434	536
0	289	0	0	474	0	0	0	0	0	930	382	0	930	289	499	0	474	930	499	545	474	382	0	0	382	545	499	0	474	0	0	0	0	0	289	382	545	289	0	0	474	499	0	223	289	377	499	827	499	0	474	289	0	377	289	0	223	0	0	0	0	0	536	223	0	0	0	536	434	382	434	545	0	223	377	434	0	0	0	377	0	434	536
0	291	0	0	474	0	0	0	0	636	930	382	0	930	291	499	636	474	930	499	636	474	382	0	636	382	0	499	0	474	0	0	0	0	226	291	382	0	291	0	505	474	499	470	226	505	291	499	0	499	226	474	291	636	470	0	0	226	0	0	690	0	0	226	690	0	0	0	0	434	382	434	0	0	0	0	434	0	0	0	0	226	434	690
0	291	0	0	474	0	0	0	0	636	930	382	0	930	291	499	636	474	930	499	636	474	382	0	636	382	0	499	0	474	0	0	0	0	226	291	382	0	291	0	505	474	499	470	226	505	291	499	0	499	226	474	291	636	470	0	0	226	0	0	690	0	0	226	690	0	0	0	0	434	382	434	0	0	0	0	434	0	0	0	0	226	434	690
0	291	0	0	474	0	0	0	0	636	930	382	0	930	291	499	636	474	930	499	636	474	382	0	636	382	0	499	0	474	0	0	0	0	226	291	382	0	291	0	505	474	499	470	226	505	291	499	0	499	226	474	291	636	470	0	0	226	0	0	690	0	0	226	690	0	0	0	0	434	382	434	0	0	0	0	434	0	0	0	0	226	434	690
0	291	509	0	621	0	0	0	0	636	0	0	0	412	291	509	636	491	621	509	636	621	0	0	636	621	535	509	621	0	509	0	509	621	226	291	412	0	291	0	505	583	629	470	226	505	291	629	583	629	226	0	291	636	470	0	0	226	629	583	690	0	0	226	690	0	583	0	0	461	0	535	0	0	0	0	461	0	0	0	461	226	461	690
0	291	509	0	621	0	0	0	0	636	0	0	0	412	291	509	636	491	621	509	636	621	0	0	636	621	535	509	621	0	509	0	509	621	226	291	412	0	291	0	505	583	629	470	226	505	291	629	583	629	226	0	291	636	470	0	0	226	629	583	690	0	0	226	690	0	583	0	0	461	0	535	0	0	0	0	461	0	0	0	461	226	461	690
0	291	509	0	621	0	0	0	0	636	0	0	0	412	291	509	636	491	621	509	636	621	0	0	636	621	535	509	621	0	509	0	509	621	226	291	412	0	291	0	505	583	629	470	226	505	291	629	583	629	226	0	291	636	470	0	0	226	629	583	690	0	0	226	690	0	583	0	0	461	0	535	0	0	0	0	461	0	0	0	461	226	461	690
0	0	509	0	621	0	0	0	0	636	0	0	0	412	296	509	636	491	621	509	636	621	0	0	636	621	535	509	621	0	509	0	509	621	226	296	412	0	296	0	505	583	629	470	226	505	313	629	583	629	226	296	313	636	470	0	0	226	629	583	313	0	0	226	0	0	583	0	735	461	0	535	0	0	0	0	461	0	735	735	461	226	461	735
0	0	509	0	621	0	0	0	0	636	0	0	0	412	296	509	636	491	621	509	636	621	0	0	636	621	535	509	621	0	509	0	509	621	226	296	412	0	296	0	505	583	629	470	226	505	313	629	583	629	226	296	313	636	470	0	0	226	629	583	313	0	0	226	0	0	583	0	735	461	0	535	0	0	0	0	461	0	735	735	461	226	461	735
0	0	509	0	621	0	0	0	0	636	0	0	0	412	296	509	636	491	621	509	636	621	0	0	636	621	535	509	621	0	509	0	509	621	226	296	412	0	296	0	505	583	629	470	226	505	313	629	583	629	226	296	313	636	470	0	0	226	629	583	313	0	0	226	0	0	583	0	735	461	0	535	0	0	0	0	461	0	735	735	461	226	461	735
0	995	0	0	544	0	0	0	0	0	995	0	0	995	296	678	522	506	544	522	502	776	413	0	678	776	544	522	0	776	522	608	522	608	227	296	413	0	296	0	0	608	629	0	227	502	313	629	608	629	227	296	313	502	227	0	0	502	629	608	313	0	0	0	0	0	0	0	735	462	678	462	544	0	0	0	462	678	735	735	0	0	462	735
0	995	0	0	544	0	0	0	0	0	995	0	0	995	296	678	522	506	544	522	502	776	413	0	678	776	544	522	0	776	522	608	522	608	227	296	413	0	296	0	0	608	629	0	227	502	313	629	608	629	227	296	313	502	227	0	0	502	629	608	313	0	0	0	0	0	0	0	735	462	678	462	544	0	0	0	462	678	735	735	0	0	462	735
0	995	0	0	544	0	0	0	0	0	995	0	0	995	296	678	522	506	544	522	502	776	413	0	678	776	544	522	0	776	522	608	522	608	227	296	413	0	296	0	0	608	629	0	227	502	313	629	608	629	227	296	313	502	227	0	0	502	629	608	313	0	0	0	0	0	0	0	735	462	678	462	544	0	0	0	462	678	735	735	0	0	462	735
0	995	0	322	544	0	0	0	0	322	995	0	0	995	322	678	522	506	544	522	502	776	413	0	678	776	544	522	0	776	522	608	522	608	227	303	413	0	322	0	0	608	0	0	227	502	303	842	608	0	227	0	303	502	227	0	0	502	842	608	588	0	0	0	842	0	0	0	0	462	678	462	544	0	0	0	462	678	0	0	0	0	462	588
0	995	0	322	544	0	0	0	0	322	995	0	0	995	322	678	522	506	544	522	502	776	413	0	678	776	544	522	0	776	522	608	522	608	227	303	413	0	322	0	0	608	0	0	227	502	303	842	608	0	227	0	303	502	227	0	0	502	842	608	588	0	0	0	842	0	0	0	0	462	678	462	544	0	0	0	462	678	0	0	0	0	462	588
0	995	0	322	544	0	0	0	0	322	995	0	0	995	322	678	522	506	544	522	502	776	413	0	678	776	544	522	0	776	522	608	522	608	227	303	413	0	322	0	0	608	0	0	227	502	303	842	608	0	227	0	303	502	227	0	0	502	842	608	588	0	0	0	842	0	0	0	0	462	678	462	544	0	0	0	462	678	0	0	0	0	462	588
0	995	0	322	0	0	0	0	0	322	995	0	0	995	322	678	0	478	617	538	553	617	478	0	678	617	553	553	380	617	0	749	553	749	380	303	380	0	322	0	0	749	0	569	228	523	303	842	749	0	228	0	303	538	569	523	0	228	842	749	588	483	0	0	842	0	749	538	0	483	678	483	0	0	0	0	483	678	0	0	0	0	483	588
0	995	0	322	0	0	0	0	0	322	995	0	0	995	322	678	0	478	617	538	553	617	478	0	678	617	553	553	380	617	0	749	553	749	380	303	380	0	322	0	0	749	0	569	228	523	303	842	749	0	228	0	303	538	569	523	0	228	842	749	588	483	0	0	842	0	749	538	0	483	678	483	0	0	0	0	483	678	0	0	0	0	483	588
0	995	0	322	0	0	0	0	0	322	995	0	0	995	322	678	0	478	617	538	553	617	478	0	678	617	553	553	380	617	0	749	553	749	380	303	380	0	322	0	0	749	0	569	228	523	303	842	749	0	228	0	303	538	569	523	0	228	842	749	588	483	0	0	842	0	749	538	0	483	678	483	0	0	0	0	483	678	0	0	0	0	483	588
0	0	908	0	0	0	0	0	0	736	0	736	0	0	312	908	736	478	617	538	553	617	478	0	736	617	553	553	380	617	0	749	553	749	380	312	380	0	312	0	0	749	0	569	228	523	425	0	749	0	228	0	312	538	569	523	0	228	425	749	588	483	0	0	0	0	749	538	0	483	736	483	0	0	0	0	483	0	0	736	0	0	483	588
0	0	908	0	0	0	0	0	0	736	0	736	0	0	312	908	736	478	617	538	553	617	478	0	736	617	553	553	380	617	0	749	553	749	380	312	380	0	312	0	0	749	0	569	228	523	425	0	749	0	228	0	312	538	569	523	0	228	425	749	588	483	0	0	0	0	749	538	0	483	736	483	0	0	0	0	483	0	0	736	0	0	483	588
0	0	908	0	0	0	0	0	0	736	0	736	0	0	312	908	736	478	617	538	553	617	478	0	736	617	553	553	380	617	0	749	553	749	380	312	380	0	312	0	0	749	0	569	228	523	425	0	749	0	228	0	312	538	569	523	0	228	425	749	588	483	0	0	0	0	749	538	0	483	736	483	0	0	0	0	483	0	0	736	0	0	483	588
0	0	908	0	0	0	0	0	0	736	0	736	0	0	312	908	736	478	617	0	632	617	478	0	736	617	632	0	0	617	0	0	0	0	0	312	0	632	312	0	565	0	0	0	228	565	425	565	571	0	228	0	312	571	0	0	565	228	425	0	571	483	0	0	0	0	0	571	0	483	736	483	632	0	0	0	483	0	565	736	0	0	483	571
0	0	908	0	0	0	0	0	0	736	0	736	0	0	312	908	736	478	617	0	632	617	478	0	736	617	632	0	0	617	0	0	0	0	0	312	0	632	312	0	565	0	0	0	228	565	425	565	571	0	228	0	312	571	0	0	565	228	425	0	571	483	0	0	0	0	0	571	0	483	736	483	632	0	0	0	483	0	565	736	0	0	483	571
0	0	908	0	0	0	0	0	0	736	0	736	0	0	312	908	736	478	617	0	632	617	478	0	736	617	632	0	0	617	0	0	0	0	0	312	0	632	312	0	565	0	0	0	228	565	425	565	571	0	228	0	312	571	0	0	565	228	425	0	571	483	0	0	0	0	0	571	0	483	736	483	632	0	0	0	483	0	565	736	0	0	483	571
0	0	0	0	619	0	619	0	0	736	0	736	0	361	312	0	736	458	619	232	632	619	0	458	736	619	632	232	0	619	0	0	0	0	361	312	361	632	312	0	565	0	361	361	232	565	458	565	571	232	361	619	312	571	458	0	565	232	0	458	571	0	488	0	232	0	0	571	0	488	736	488	632	0	232	0	488	0	565	736	0	0	488	571
0	0	0	0	619	0	619	0	0	736	0	736	0	361	312	0	736	458	619	232	632	619	0	458	736	619	632	232	0	619	0	0	0	0	361	312	361	632	312	0	565	0	361	361	232	565	458	565	571	232	361	619	312	571	458	0	565	232	0	458	571	0	488	0	232	0	0	571	0	488	736	488	632	0	232	0	488	0	565	736	0	0	488	571
0	0	0	0	619	0	619	0	0	736	0	736	0	361	312	0	736	458	619	232	632	619	0	458	736	619	632	232	0	619	0	0	0	0	361	312	361	632	312	0	565	0	361	361	232	565	458	565	571	232	361	619	312	571	458	0	565	232	0	458	571	0	488	0	232	0	0	571	0	488	736	488	632	0	232	0	488	0	565	736	0	0	488	571
0	0	0	0	619	0	619	315	0	0	0	0	0	361	315	812	0	458	619	232	812	619	0	458	812	619	0	232	0	619	0	0	0	0	361	316	361	812	315	853	0	0	361	361	232	316	458	853	571	232	361	619	316	571	458	316	0	232	853	458	571	0	488	0	232	0	0	571	0	488	0	488	0	0	232	0	488	0	0	0	0	853	488	571
0	0	0	0	619	0	619	315	0	0	0	0	0	361	315	812	0	458	619	232	812	619	0	458	812	619	0	232	0	619	0	0	0	0	361	316	361	812	315	853	0	0	361	361	232	316	458	853	571	232	361	619	316	571	458	316	0	232	853	458	571	0	488	0	232	0	0	571	0	488	0	488	0	0	232	0	488	0	0	0	0	853	488	571
0	0	0	0	619	0	619	315	0	0	0	0	0	361	315	812	0	458	619	232	812	619	0	458	812	619	0	232	0	619	0	0	0	0	361	316	361	812	315	853	0	0	361	361	232	316	458	853	571	232	361	619	316	571	458	316	0	232	853	458	571	0	488	0	232	0	0	571	0	488	0	488	0	0	232	0	488	0	0	0	0	853	488	571
0	0	0	600	0	0	0	315	0	0	600	0	0	361	315	812	0	0	600	232	812	752	587	0	812	752	600	232	752	0	0	0	0	752	361	316	361	812	315	853	0	0	361	361	232	316	650	853	0	232	361	0	316	587	0	316	0	232	853	650	0	0	0	592	232	0	650	0	592	0	592	600	0	592	232	0	600	592	0	0	0	853	0	592
0	0	0	600	0	0	0	315	0	0	600	0	0	361	315	812	0	0	600	232	812	752	587	0	812	752	600	232	752	0	0	0	0	752	361	316	361	812	315	853	0	0	361	361	232	316	650	853	0	232	361	0	316	587	0	316	0	232	853	650	0	0	0	592	232	0	650	0	592	0	592	600	0	592	232	0	600	592	0	0	0	853	0	592
0	0	0	600	0	0	0	315	0	0	600	0	0	361	315	812	0	0	600	232	812	752	587	0	812	752	600	232	752	0	0	0	0	752	361	316	361	812	315	853	0	0	361	361	232	316	650	853	0	232	361	0	316	587	0	316	0	232	853	650	0	0	0	592	232	0	650	0	592	0	592	600	0	592	232	0	600	592	0	0	0	853	0	592
0	0	0	600	484	0	484	315	0	0	600	0	373	0	315	812	0	484	600	548	812	752	587	484	812	752	600	548	752	0	0	0	548	752	373	0	373	812	315	0	0	0	373	0	233	477	650	373	477	0	373	0	0	587	233	484	0	477	0	650	0	0	0	592	0	0	650	0	592	484	592	600	0	592	0	233	600	592	0	0	0	0	484	592
0	0	0	600	484	0	484	315	0	0	600	0	373	0	315	812	0	484	600	548	812	752	587	484	812	752	600	548	752	0	0	0	548	752	373	0	373	812	315	0	0	0	373	0	233	477	650	373	477	0	373	0	0	587	233	484	0	477	0	650	0	0	0	592	0	0	650	0	592	484	592	600	0	592	0	233	600	592	0	0	0	0	484	592
0	0	0	600	484	0	484	315	0	0	600	0	373	0	315	812	0	484	600	548	812	752	587	484	812	752	600	548	752	0	0	0	548	752	373	0	373	812	315	0	0	0	373	0	233	477	650	373	477	0	373	0	0	587	233	484	0	477	0	650	0	0	0	592	0	0	650	0	592	484	592	600	0	592	0	233	600	592	0	0	0	0	484	592
0	0	813	317	484	0	484	0	0	317	0	0	373	0	317	813	0	484	0	548	0	688	587	484	813	688	0	548	688	0	0	0	548	0	373	317	373	0	317	0	0	0	373	0	233	477	317	373	477	0	373	0	317	587	233	484	0	477	0	317	0	0	0	598	0	598	0	0	598	484	688	0	0	0	0	233	0	688	0	0	0	0	484	598
0	0	813	317	484	0	484	0	0	317	0	0	373	0	317	813	0	484	0	548	0	688	587	484	813	688	0	548	688	0	0	0	548	0	373	317	373	0	317	0	0	0	373	0	233	477	317	373	477	0	373	0	317	587	233	484	0	477	0	317	0	0	0	598	0	598	0	0	598	484	688	0	0	0	0	233	0	688	0	0	0	0	484	598
0	0	813	317	484	0	484	0	0	317	0	0	373	0	317	813	0	484	0	548	0	688	587	484	813	688	0	548	688	0	0	0	548	0	373	317	373	0	317	0	0	0	373	0	233	477	317	373	477	0	373	0	317	587	233	484	0	477	0	317	0	0	0	598	0	598	0	0	598	484	688	0	0	0	0	233	0	688	0	0	0	0	484	598
0	0	813	317	556	0	0	0	0	317	0	384	0	0	317	813	0	0	556	0	0	688	533	0	813	688	556	533	688	0	925	0	925	0	384	317	384	0	317	925	0	0	533	0	240	477	317	925	477	533	0	0	317	0	240	0	0	477	925	317	0	520	0	598	0	598	0	0	598	520	688	556	0	0	0	240	520	688	0	0	240	0	520	598
0	0	813	317	556	0	0	0	0	317	0	384	0	0	317	813	0	0	556	0	0	688	533	0	813	688	556	533	688	0	925	0	925	0	384	317	384	0	317	925	0	0	533	0	240	477	317	925	477	533	0	0	317	0	240	0	0	477	925	317	0	520	0	598	0	598	0	0	598	520	688	556	0	0	0	240	520	688	0	0	240	0	520	598
0	0	813	317	556	0	0	0	0	317	0	384	0	0	317	813	0	0	556	0	0	688	533	0	813	688	556	533	688	0	925	0	925	0	384	317	384	0	317	925	0	0	533	0	240	477	317	925	477	533	0	0	317	0	240	0	0	477	925	317	0	520	0	598	0	598	0	0	598	520	688	556	0	0	0	240	520	688	0	0	240	0	520	598
0	0	811	362	556	0	0	0	811	362	0	384	0	0	362	480	811	321	556	480	0	321	533	0	811	0	556	533	667	321	925	0	925	362	384	667	384	0	362	925	0	667	533	0	240	480	321	925	667	533	0	667	321	480	240	0	0	480	925	321	0	520	0	598	480	598	321	0	598	520	811	556	0	0	0	240	520	811	0	0	240	0	520	598
0	0	811	362	556	0	0	0	811	362	0	384	0	0	362	480	811	321	556	480	0	321	533	0	811	0	556	533	667	321	925	0	925	362	384	667	384	0	362	925	0	667	533	0	240	480	321	925	667	533	0	667	321	480	240	0	0	480	925	321	0	520	0	598	480	598	321	0	598	520	811	556	0	0	0	240	520	811	0	0	240	0	520	598
0	0	811	362	556	0	0	0	811	362	0	384	0	0	362	480	811	321	556	480	0	321	533	0	811	0	556	533	667	321	925	0	925	362	384	667	384	0	362	925	0	667	533	0	240	480	321	925	667	533	0	667	321	480	240	0	0	480	925	321	0	520	0	598	480	598	321	0	598	520	811	556	0	0	0	240	520	811	0	0	240	0	520	598
0	0	811	362	0	0	0	0	811	362	0	384	0	0	362	480	811	321	0	480	0	321	533	0	811	0	0	533	667	321	0	0	0	362	384	667	384	0	362	0	0	667	533	0	240	480	321	0	667	533	0	667	321	480	240	0	0	480	0	321	0	0	0	602	480	602	321	0	0	0	811	0	0	0	0	240	0	811	0	0	240	0	0	602
0	0	811	362	0	0	0	0	811	362	0	384	0	0	362	480	811	321	0	480	0	321	533	0	811	0	0	533	667	321	0	0	0	362	384	667	384	0	362	0	0	667	533	0	240	480	321	0	667	533	0	667	321	480	240	0	0	480	0	321	0	0	0	602	480	602	321	0	0	0	811	0	0	0	0	240	0	811	0	0	240	0	0	602
0	0	811	362	0	0	0	0	811	362	0	384	0	0	362	480	811	321	0	480	0	321	533	0	811	0	0	533	667	321	0	0	0	362	384	667	384	0	362	0	0	667	533	0	240	480	321	0	667	533	0	667	321	480	240	0	0	480	0	321	0	0	0	602	480	602	321	0	0	0	811	0	0	0	0	240	0	811	0	0	240	0	0	602
0	512	811	0	0	0	0	0	811	0	512	421	0	512	405	480	811	512	897	480	405	653	897	512	811	897	405	761	0	653	656	0	0	0	656	323	421	405	323	656	798	653	0	0	277	480	798	656	653	761	277	653	323	480	512	0	0	480	656	0	0	498	0	602	480	602	0	0	0	498	811	0	0	0	0	0	498	811	0	0	498	0	498	602
0	512	811	0	0	0	0	0	811	0	512	421	0	512	405	480	811	512	897	480	405	653	897	512	811	897	405	761	0	653	656	0	0	0	656	323	421	405	323	656	798	653	0	0	277	480	798	656	653	761	277	653	323	480	512	0	0	480	656	0	0	498	0	602	480	602	0	0	0	498	811	0	0	0	0	0	498	811	0	0	498	0	498	602
0	512	811	0	0	0	0	0	811	0	512	421	0	512	405	480	811	512	897	480	405	653	897	512	811	897	405	761	0	653	656	0	0	0	656	323	421	405	323	656	798	653	0	0	277	480	798	656	653	761	277	653	323	480	512	0	0	480	656	0	0	498	0	602	480	602	0	0	0	498	811	0	0	0	0	0	498	811	0	0	498	0	498	602
0	512	0	0	0	0	0	0	0	0	512	421	0	512	405	606	0	512	897	0	405	653	897	512	606	897	405	761	0	653	656	0	0	0	656	323	421	405	323	656	798	653	0	0	277	0	798	656	653	761	277	653	323	0	512	0	0	0	656	0	0	498	0	606	0	0	0	0	606	498	606	0	0	606	0	0	498	606	0	0	498	0	498	606
0	512	0	0	0	0	0	0	0	0	512	421	0	512	405	606	0	512	897	0	405	653	897	512	606	897	405	761	0	653	656	0	0	0	656	323	421	405	323	656	798	653	0	0	277	0	798	656	653	761	277	653	323	0	512	0	0	0	656	0	0	498	0	606	0	0	0	0	606	498	606	0	0	606	0	0	498	606	0	0	498	0	498	606
0	512	0	0	0	0	0	0	0	0	512	421	0	512	405	606	0	512	897	0	405	653	897	512	606	897	405	761	0	653	656	0	0	0	656	323	421	405	323	656	798	653	0	0	277	0	798	656	653	761	277	653	323	0	512	0	0	0	656	0	0	498	0	606	0	0	0	0	606	498	606	0	0	606	0	0	498	606	0	0	498	0	498	606
0	0	0	0	514	0	514	326	0	527	0	527	0	433	326	606	527	514	0	527	0	627	514	567	606	0	0	567	0	627	0	0	567	0	433	326	433	627	326	0	0	627	433	433	279	527	326	0	627	0	433	627	326	527	0	567	0	279	0	326	0	498	0	606	279	0	0	0	606	498	606	0	0	606	279	0	498	606	0	0	498	0	498	606
0	0	0	0	514	0	514	326	0	527	0	527	0	433	326	606	527	514	0	527	0	627	514	567	606	0	0	567	0	627	0	0	567	0	433	326	433	627	326	0	0	627	433	433	279	527	326	0	627	0	433	627	326	527	0	567	0	279	0	326	0	498	0	606	279	0	0	0	606	498	606	0	0	606	279	0	498	606	0	0	498	0	498	606
0	0	0	0	514	0	514	326	0	527	0	527	0	433	326	606	527	514	0	527	0	627	514	567	606	0	0	567	0	627	0	0	567	0	433	326	433	627	326	0	0	627	433	433	279	527	326	0	627	0	433	627	326	527	0	567	0	279	0	326	0	498	0	606	279	0	0	0	606	498	606	0	0	606	279	0	498	606	0	0	498	0	498	606
0	0	0	0	514	0	514	326	0	527	0	527	0	433	326	0	527	514	0	527	0	627	514	567	0	0	526	567	0	627	0	0	567	0	433	326	433	627	326	0	0	627	433	433	279	527	326	858	627	0	433	627	326	527	0	567	0	279	858	326	0	0	526	858	279	0	0	0	0	526	0	526	0	0	279	0	526	0	0	0	0	858	526	0
0	0	0	0	514	0	514	326	0	527	0	527	0	433	326	0	527	514	0	527	0	627	514	567	0	0	526	567	0	627	0	0	567	0	433	326	433	627	326	0	0	627	433	433	279	527	326	858	627	0	433	627	326	527	0	567	0	279	858	326	0	0	526	858	279	0	0	0	0	526	0	526	0	0	279	0	526	0	0	0	0	858	526	0
0	0	0	0	514	0	514	326	0	527	0	527	0	433	326	0	527	514	0	527	0	627	514	567	0	0	526	567	0	627	0	0	567	0	433	326	433	627	326	0	0	627	433	433	279	527	326	858	627	0	433	627	326	527	0	567	0	279	858	326	0	0	526	858	279	0	0	0	0	526	0	526	0	0	279	0	526	0	0	0	0	858	526	0
0	330	550	0	530	0	530	0	284	0	0	0	0	284	330	550	0	530	655	550	591	655	0	530	591	655	526	591	0	655	591	0	591	0	284	330	284	0	330	595	0	655	0	595	284	504	330	858	504	0	284	655	330	550	595	0	504	504	858	0	330	0	526	858	0	0	0	550	595	526	0	526	0	0	0	595	526	0	504	0	0	858	526	550
0	330	550	0	530	0	530	0	284	0	0	0	0	284	330	550	0	530	655	550	591	655	0	530	591	655	526	591	0	655	591	0	591	0	284	330	284	0	330	595	0	655	0	595	284	504	330	858	504	0	284	655	330	550	595	0	504	504	858	0	330	0	526	858	0	0	0	550	595	526	0	526	0	0	0	595	526	0	504	0	0	858	526	550
0	330	550	0	530	0	530	0	284	0	0	0	0	284	330	550	0	530	655	550	591	655	0	530	591	655	526	591	0	655	591	0	591	0	284	330	284	0	330	595	0	655	0	595	284	504	330	858	504	0	284	655	330	550	595	0	504	504	858	0	330	0	526	858	0	0	0	550	595	526	0	526	0	0	0	595	526	0	504	0	0	858	526	550
0	330	550	0	530	0	530	0	284	0	0	0	0	284	330	550	0	530	655	550	591	655	0	530	591	655	528	591	0	655	591	0	591	0	284	330	284	0	330	595	0	655	0	595	284	504	330	0	504	0	284	655	330	550	595	0	504	504	0	0	330	0	0	0	0	0	0	550	595	528	0	528	0	0	0	595	528	0	504	0	0	0	528	550
0	330	550	0	530	0	530	0	284	0	0	0	0	284	330	550	0	530	655	550	591	655	0	530	591	655	528	591	0	655	591	0	591	0	284	330	284	0	330	595	0	655	0	595	284	504	330	0	504	0	284	655	330	550	595	0	504	504	0	0	330	0	0	0	0	0	0	550	595	528	0	528	0	0	0	595	528	0	504	0	0	0	528	550
0	330	550	0	530	0	530	0	284	0	0	0	0	284	330	550	0	530	655	550	591	655	0	530	591	655	528	591	0	655	591	0	591	0	284	330	284	0	330	595	0	655	0	595	284	504	330	0	504	0	284	655	330	550	595	0	504	504	0	0	330	0	0	0	0	0	0	550	595	528	0	528	0	0	0	595	528	0	504	0	0	0	528	550
0	330	0	0	537	0	0	0	0	0	792	0	0	439	330	0	648	537	792	290	0	635	537	792	648	792	528	290	0	635	943	0	0	0	439	330	439	0	330	943	0	635	463	463	290	584	330	943	885	290	463	635	330	635	463	0	584	290	943	885	330	0	0	648	290	885	0	463	648	528	648	528	0	648	290	0	528	648	584	0	0	943	528	648
0	330	0	0	537	0	0	0	0	0	792	0	0	439	330	0	648	537	792	290	0	635	537	792	648	792	528	290	0	635	943	0	0	0	439	330	439	0	330	943	0	635	463	463	290	584	330	943	885	290	463	635	330	635	463	0	584	290	943	885	330	0	0	648	290	885	0	463	648	528	648	528	0	648	290	0	528	648	584	0	0	943	528	648
0	330	0	0	537	0	0	0	0	0	792	0	0	439	330	0	648	537	792	290	0	635	537	792	648	792	528	290	0	635	943	0	0	0	439	330	439	0	330	943	0	635	463	463	290	584	330	943	885	290	463	635	330	635	463	0	584	290	943	885	330	0	0	648	290	885	0	463	648	528	648	528	0	648	290	0	528	648	584	0	0	943	528	648
0	0	0	0	537	0	0	0	0	414	792	0	0	439	414	0	648	537	792	290	0	635	537	792	648	792	644	290	0	635	943	0	0	0	439	336	439	0	336	943	0	635	463	463	290	584	336	943	885	290	463	635	336	635	463	559	584	290	943	885	336	0	0	648	290	885	0	463	648	559	648	644	0	648	290	0	0	648	584	0	0	943	336	648
0	0	0	0	537	0	0	0	0	414	792	0	0	439	414	0	648	537	792	290	0	635	537	792	648	792	644	290	0	635	943	0	0	0	439	336	439	0	336	943	0	635	463	463	290	584	336	943	885	290	463	635	336	635	463	559	584	290	943	885	336	0	0	648	290	885	0	463	648	559	648	644	0	648	290	0	0	648	584	0	0	943	336	648
0	0	0	0	537	0	0	0	0	414	792	0	0	439	414	0	648	537	792	290	0	635	537	792	648	792	644	290	0	635	943	0	0	0	439	336	439	0	336	943	0	635	463	463	290	584	336	943	885	290	463	635	336	635	463	559	584	290	943	885	336	0	0	648	290	885	0	463	648	559	648	644	0	648	290	0	0	648	584	0	0	943	336	648
0	0	756	676	542	0	0	0	0	414	676	0	0	0	414	756	508	542	676	508	0	542	549	676	756	676	644	549	542	0	0	0	0	0	293	336	293	0	336	0	0	0	0	0	293	508	336	0	665	549	293	0	336	508	293	559	676	508	0	665	336	0	0	665	0	665	0	293	756	559	756	644	0	0	0	0	0	756	676	0	0	0	336	665
0	0	756	676	542	0	0	0	0	414	676	0	0	0	414	756	508	542	676	508	0	542	549	676	756	676	644	549	542	0	0	0	0	0	293	336	293	0	336	0	0	0	0	0	293	508	336	0	665	549	293	0	336	508	293	559	676	508	0	665	336	0	0	665	0	665	0	293	756	559	756	644	0	0	0	0	0	756	676	0	0	0	336	665
0	0	756	676	542	0	0	0	0	414	676	0	0	0	414	756	508	542	676	508	0	542	549	676	756	676	644	549	542	0	0	0	0	0	293	336	293	0	336	0	0	0	0	0	293	508	336	0	665	549	293	0	336	508	293	559	676	508	0	665	336	0	0	665	0	665	0	293	756	559	756	644	0	0	0	0	0	756	676	0	0	0	336	665
0	338	756	676	542	0	0	0	0	0	676	0	0	0	338	756	508	542	676	508	825	542	549	676	756	676	825	549	542	0	0	0	0	0	293	338	293	825	338	0	0	0	0	0	293	508	338	0	665	549	293	0	338	508	293	0	676	508	564	665	338	0	0	665	0	665	0	293	756	564	756	564	825	0	0	0	564	756	676	0	0	564	338	665
0	338	756	676	542	0	0	0	0	0	676	0	0	0	338	756	508	542	676	508	825	542	549	676	756	676	825	549	542	0	0	0	0	0	293	338	293	825	338	0	0	0	0	0	293	508	338	0	665	549	293	0	338	508	293	0	676	508	564	665	338	0	0	665	0	665	0	293	756	564	756	564	825	0	0	0	564	756	676	0	0	564	338	665
0	338	756	676	542	0	0	0	0	0	676	0	0	0	338	756	508	542	676	508	825	542	549	676	756	676	825	549	542	0	0	0	0	0	293	338	293	825	338	0	0	0	0	0	293	508	338	0	665	549	293	0	338	508	293	0	676	508	564	665	338	0	0	665	0	665	0	293	756	564	756	564	825	0	0	0	564	756	676	0	0	564	338	665
0	338	0	676	576	0	576	0	0	0	676	0	0	399	338	563	0	576	676	563	825	576	549	676	0	676	825	549	0	576	0	0	0	0	399	338	399	825	338	0	0	576	399	399	307	0	338	0	576	549	399	576	338	563	307	0	676	0	564	0	338	0	0	563	0	0	0	563	0	564	0	564	825	0	0	307	564	0	676	0	0	564	338	563
0	338	0	676	576	0	576	0	0	0	676	0	0	399	338	563	0	576	676	563	825	576	549	676	0	676	825	549	0	576	0	0	0	0	399	338	399	825	338	0	0	576	399	399	307	0	338	0	576	549	399	576	338	563	307	0	676	0	564	0	338	0	0	563	0	0	0	563	0	564	0	564	825	0	0	307	564	0	676	0	0	564	338	563
0	338	0	676	576	0	576	0	0	0	676	0	0	399	338	563	0	576	676	563	825	576	549	676	0	676	825	549	0	576	0	0	0	0	399	338	399	825	338	0	0	576	399	399	307	0	338	0	576	549	399	576	338	563	307	0	676	0	564	0	338	0	0	563	0	0	0	563	0	564	0	564	825	0	0	307	564	0	676	0	0	564	338	563
0	0	0	0	576	0	576	0	0	0	0	0	0	399	379	563	0	576	0	563	570	576	767	379	0	767	570	570	849	576	0	849	0	849	399	345	399	379	345	0	849	576	399	399	307	345	849	892	576	0	399	576	345	563	307	379	345	0	892	0	849	0	0	563	892	0	0	563	767	379	767	0	570	0	0	307	0	767	0	0	0	0	0	563
0	0	0	0	576	0	576	0	0	0	0	0	0	399	379	563	0	576	0	563	570	576	767	379	0	767	570	570	849	576	0	849	0	849	399	345	399	379	345	0	849	576	399	399	307	345	849	892	576	0	399	576	345	563	307	379	345	0	892	0	849	0	0	563	892	0	0	563	767	379	767	0	570	0	0	307	0	767	0	0	0	0	0	563
0	0	0	0	576	0	576	0	0	0	0	0	0	399	379	563	0	576	0	563	570	576	767	379	0	767	570	570	849	576	0	849	0	849	399	345	399	379	345	0	849	576	399	399	307	345	849	892	576	0	399	576	345	563	307	379	345	0	892	0	849	0	0	563	892	0	0	563	767	379	767	0	570	0	0	307	0	767	0	0	0	0	0	563
0	0	582	0	576	0	576	0	0	0	0	0	0	399	379	582	0	576	0	582	570	576	767	379	0	767	570	570	849	576	0	849	0	849	399	345	399	379	345	0	849	576	399	399	339	345	849	892	576	0	399	576	345	582	339	379	345	0	892	0	849	0	0	582	892	582	0	582	767	379	767	0	570	0	0	339	0	767	0	0	0	0	0	582
0	0	582	0	576	0	576	0	0	0	0	0	0	399	379	582	0	576	0	582	570	576	767	379	0	767	570	570	849	576	0	849	0	849	399	345	399	379	345	0	849	576	399	399	339	345	849	892	576	0	399	576	345	582	339	379	345	0	892	0	849	0	0	582	892	582	0	582	767	379	767	0	570	0	0	339	0	767	0	0	0	0	0	582
0	0	582	0	576	0	576	0	0	0	0	0	0	399	379	582	0	576	0	582	570	576	767	379	0	767	570	570	849	576	0	849	0	849	399	345	399	379	345	0	849	576	399	399	339	345	849	892	576	0	399	576	345	582	339	379	345	0	892	0	849	0	0	582	892	582	0	582	767	379	767	0	570	0	0	339	0	767	0	0	0	0	0	582
0	534	582	0	0	0	0	0	0	0	534	490	0	534	379	582	0	534	0	582	575	638	534	379	0	638	575	575	0	638	0	371	575	371	449	0	490	379	371	638	628	371	449	0	339	628	349	449	371	0	449	638	349	582	339	379	0	0	449	0	349	0	0	582	449	582	0	582	0	379	638	0	0	0	449	339	0	638	0	0	0	0	0	582
0	534	582	0	0	0	0	0	0	0	534	490	0	534	379	582	0	534	0	582	575	638	534	379	0	638	575	575	0	638	0	371	575	371	449	0	490	379	371	638	628	371	449	0	339	628	349	449	371	0	449	638	349	582	339	379	0	0	449	0	349	0	0	582	449	582	0	582	0	379	638	0	0	0	449	339	0	638	0	0	0	0	0	582
0	534	582	0	0	0	0	0	0	0	534	490	0	534	379	582	0	534	0	582	575	638	534	379	0	638	575	575	0	638	0	371	575	371	449	0	490	379	371	638	628	371	449	0	339	628	349	449	371	0	449	638	349	582	339	379	0	0	449	0	349	0	0	582	449	582	0	582	0	379	638	0	0	0	449	339	0	638	0	0	0	0	0	582
0	534	0	0	0	0	0	0	0	0	534	490	0	534	423	599	0	534	0	599	575	638	534	423	0	638	575	575	0	638	0	371	575	371	449	0	490	423	371	638	628	371	449	0	339	628	349	449	371	0	449	638	349	599	339	0	423	0	449	0	349	0	0	599	449	0	0	599	0	594	638	0	0	0	449	339	0	638	0	0	0	594	0	599
0	534	0	0	0	0	0	0	0	0	534	490	0	534	423	599	0	534	0	599	575	638	534	423	0	638	575	575	0	638	0	371	575	371	449	0	490	423	371	638	628	371	449	0	339	628	349	449	371	0	449	638	349	599	339	0	423	0	449	0	349	0	0	599	449	0	0	599	0	594	638	0	0	0	449	339	0	638	0	0	0	594	0	599
0	534	0	0	0	0	0	0	0	0	534	490	0	534	423	599	0	534	0	599	575	638	534	423	0	638	575	575	0	638	0	371	575	371	449	0	490	423	371	638	628	371	449	0	339	628	349	449	371	0	449	638	349	599	339	0	423	0	449	0	349	0	0	599	449	0	0	599	0	594	638	0	0	0	449	339	0	638	0	0	0	594	0	599
0	534	0	0	0	0	0	0	0	0	534	0	475	534	423	599	0	534	0	599	575	638	534	423	0	638	575	575	0	638	0	371	575	371	475	350	475	423	371	638	0	371	475	0	348	0	350	475	371	348	475	638	350	599	348	0	423	0	475	0	350	0	0	599	475	0	0	599	0	594	638	0	0	0	475	0	0	638	0	0	0	594	0	599
0	534	0	0	0	0	0	0	0	0	534	0	475	534	423	599	0	534	0	599	575	638	534	423	0	638	575	575	0	638	0	371	575	371	475	350	475	423	371	638	0	371	475	0	348	0	350	475	371	348	475	638	350	599	348	0	423	0	475	0	350	0	0	599	475	0	0	599	0	594	638	0	0	0	475	0	0	638	0	0	0	594	0	599
0	534	0	0	0	0	0	0	0	0	534	0	475	534	423	599	0	534	0	599	575	638	534	423	0	638	575	575	0	638	0	371	575	371	475	350	475	423	371	638	0	371	475	0	348	0	350	475	371	348	475	638	350	599	348	0	423	0	475	0	350	0	0	599	475	0	0	599	0	594	638	0	0	0	475	0	0	638	0	0	0	594	0	599
0	0	0	0	540	0	540	394	0	772	624	0	475	624	394	0	772	540	624	577	0	624	0	540	772	624	0	577	0	0	577	0	577	0	475	350	475	0	394	0	0	0	475	0	348	510	350	475	510	348	475	0	350	719	348	540	0	510	475	0	350	0	540	633	475	633	0	633	0	540	772	0	0	0	475	719	0	772	0	0	0	0	540	633
0	0	0	0	540	0	540	394	0	772	624	0	475	624	394	0	772	540	624	577	0	624	0	540	772	624	0	577	0	0	577	0	577	0	475	350	475	0	394	0	0	0	475	0	348	510	350	475	510	348	475	0	350	719	348	540	0	510	475	0	350	0	540	633	475	633	0	633	0	540	772	0	0	0	475	719	0	772	0	0	0	0	540	633
0	0	0	0	540	0	540	394	0	772	624	0	475	624	394	0	772	540	624	577	0	624	0	540	772	624	0	577	0	0	577	0	577	0	475	350	475	0	394	0	0	0	475	0	348	510	350	475	510	348	475	0	350	719	348	540	0	510	475	0	350	0	540	633	475	633	0	633	0	540	772	0	0	0	475	719	0	772	0	0	0	0	540	633
0	0	0	0	540	0	540	394	0	772	624	0	0	624	394	0	772	540	624	577	0	624	0	540	772	624	0	577	0	0	577	0	577	0	0	350	0	0	394	0	0	0	0	0	0	510	350	0	510	0	0	0	350	719	0	540	0	510	0	0	350	0	540	633	0	633	0	633	0	540	772	0	0	0	0	719	0	772	0	0	0	0	540	633
0	0	0	0	540	0	540	394	0	772	624	0	0	624	394	0	772	540	624	577	0	624	0	540	772	624	0	577	0	0	577	0	577	0	0	350	0	0	394	0	0	0	0	0	0	510	350	0	510	0	0	0	350	719	0	540	0	510	0	0	350	0	540	633	0	633	0	633	0	540	772	0	0	0	0	719	0	772	0	0	0	0	540	633
0	0	0	0	540	0	540	394	0	772	624	0	0	624	394	0	772	540	624	577	0	624	0	540	772	624	0	577	0	0	577	0	577	0	0	350	0	0	394	0	0	0	0	0	0	510	350	0	510	0	0	0	350	719	0	540	0	510	0	0	350	0	540	633	0	633	0	633	0	540	772	0	0	0	0	719	0	772	0	0	0	0	540	633
0	0	0	0	0	0	0	0	0	0	0	0	0	0	0	0	0	0	0	0	0	0	0	0	0	0	0	0	0	0	0	0	0	0	0	0	0	0	0	0	0	0	0	0	0	0	0	0	0	0	0	0	0	0	0	0	0	0	0	0	0	0	0	0	0	0	0	0	0	0	0	0	0	0	0	0	0	0	0	0	0	0	0	0
0	0	0	0	0	0	0	0	0	0	0	0	0	0	0	0	0	0	0	0	0	0	0	0	0	0	0	0	0	0	0	0	0	0	0	0	0	0	0	0	0	0	0	0	0	0	0	0	0	0	0	0	0	0	0	0	0	0	0	0	0	0	0	0	0	0	0	0	0	0	0	0	0	0	0	0	0	0	0	0	0	0	0	0
