12	172	172	0	0	172	0	0	172	0	12	0	12	0	0	0	0	132	0	12	0	347	12	0	0	0	12	172	0	12	172	0	12	172	172	12
12	172	172	0	0	172	0	0	172	0	12	0	12	0	0	0	0	132	0	12	0	347	12	0	0	0	12	172	0	12	172	0	12	172	172	12
12	172	172	0	0	172	0	0	172	0	12	0	12	0	0	0	0	132	0	12	0	347	12	0	0	0	12	172	0	12	172	0	12	172	172	12
12	172	172	0	0	172	0	0	172	0	12	0	12	0	0	0	0	132	0	12	0	347	12	0	0	0	12	172	0	12	172	0	12	172	172	12
12	172	172	0	0	172	0	0	172	0	12	0	12	0	0	0	0	132	0	12	0	347	12	0	0	0	12	172	0	12	172	0	12	172	172	12
12	172	172	0	0	172	0	0	172	0	12	0	12	0	0	0	0	132	0	12	0	347	12	0	0	0	12	172	0	12	172	0	12	172	172	12
478	478	478	478	478	478	478	478	478	478	476	478	478	478	478	477	478	478	478	478	478	478	478	478	478	477	477	476	478	478	477	478	478	478	478	476
478	478	478	478	478	478	478	478	478	478	476	478	478	478	478	477	478	478	478	478	478	478	478	478	478	477	477	476	478	478	477	478	478	478	478	476
478	478	478	478	478	478	478	478	478	478	476	478	478	478	478	477	478	478	478	478	478	478	478	478	478	477	477	476	478	478	477	478	478	478	478	476
478	478	478	478	478	478	478	478	478	478	476	478	478	478	478	477	478	478	478	478	478	478	478	478	478	477	477	476	478	478	477	478	478	478	478	476
478	478	478	478	478	478	478	478	478	478	476	478	478	478	478	477	478	478	478	478	478	478	478	478	478	477	477	476	478	478	477	478	478	478	478	476
478	478	478	478	478	478	478	478	478	478	476	478	478	478	478	477	478	478	478	478	478	478	478	478	478	477	477	476	478	478	477	478	478	478	478	476
186	187	187	187	187	185	187	187	185	186	186	187	187	186	187	187	185	187	187	0	187	187	186	187	187	187	187	187	186	187	187	187	186	187	187	186
186	187	187	187	187	185	187	187	185	186	186	187	187	186	187	187	185	187	187	0	187	187	186	187	187	187	187	187	186	187	187	187	186	187	187	186
186	187	187	187	187	185	187	187	185	186	186	187	187	186	187	187	185	187	187	0	187	187	186	187	187	187	187	187	186	187	187	187	186	187	187	186
186	187	187	187	187	185	187	187	185	186	186	187	187	186	187	187	185	187	187	0	187	187	186	187	187	187	187	187	186	187	187	187	186	187	187	186
186	187	187	187	187	185	187	187	185	186	186	187	187	186	187	187	185	187	187	0	187	187	186	187	187	187	187	187	186	187	187	187	186	187	187	186
186	187	187	187	187	185	187	187	185	186	186	187	187	186	187	187	185	187	187	0	187	187	186	187	187	187	187	187	186	187	187	187	186	187	187	186
47	218	218	218	218	17	218	218	218	218	218	0	218	218	218	218	96	47	131	47	218	218	218	218	218	218	218	218	218	218	218	218	218	218	218	218
47	218	218	218	218	17	218	218	218	218	218	0	218	218	218	218	96	47	131	47	218	218	218	218	218	218	218	218	218	218	218	218	218	218	218	218
47	218	218	218	218	17	218	218	218	218	218	0	218	218	218	218	96	47	131	47	218	218	218	218	218	218	218	218	218	218	218	218	218	218	218	218
47	218	218	218	218	17	218	218	218	218	218	0	218	218	218	218	96	47	131	47	218	218	218	218	218	218	218	218	218	218	218	218	218	218	218	218
47	218	218	218	218	17	218	218	218	218	218	0	218	218	218	218	96	47	131	47	218	218	218	218	218	218	218	218	218	218	218	218	218	218	218	218
47	218	218	218	218	17	218	218	218	218	218	0	218	218	218	218	96	47	131	47	218	218	218	218	218	218	218	218	218	218	218	218	218	218	218	218
47	23	23	0	47	23	7	0	0	7	0	23	47	0	0	7	0	47	0	47	0	0	7	0	0	0	7	0	0	7	23	23	7	0	0	0
47	23	23	0	47	23	7	0	0	7	0	23	47	0	0	7	0	47	0	47	0	0	7	0	0	0	7	0	0	7	23	23	7	0	0	0
47	23	23	0	47	23	7	0	0	7	0	23	47	0	0	7	0	47	0	47	0	0	7	0	0	0	7	0	0	7	23	23	7	0	0	0
202	202	23	202	202	23	202	202	0	202	202	23	202	202	202	202	202	202	202	8	202	202	8	202	202	201	8	0	202	202	202	202	202	202	202	202
202	202	23	202	202	23	202	202	0	202	202	23	202	202	202	202	202	202	202	8	202	202	8	202	202	201	8	0	202	202	202	202	202	202	202	202
202	202	23	202	202	23	202	202	0	202	202	23	202	202	202	202	202	202	202	8	202	202	8	202	202	201	8	0	202	202	202	202	202	202	202	202
202	202	0	202	202	0	202	202	0	202	202	0	202	202	202	202	202	202	202	8	202	202	8	202	202	201	8	0	202	202	202	202	202	202	202	202
202	202	0	202	202	0	202	202	0	202	202	0	202	202	202	202	202	202	202	8	202	202	8	202	202	201	8	0	202	202	202	202	202	202	202	202
202	202	0	202	202	0	202	202	0	202	202	0	202	202	202	202	202	202	202	8	202	202	8	202	202	201	8	0	202	202	202	202	202	202	202	202
165	166	166	165	166	166	166	166	164	166	166	164	166	166	166	166	166	166	166	164	166	166	164	166	166	166	166	166	164	166	166	165	164	165	164	166
165	166	166	165	166	166	166	166	164	166	166	164	166	166	166	166	166	166	166	164	166	166	164	166	166	166	166	166	164	166	166	165	164	165	164	166
165	166	166	165	166	166	166	166	164	166	166	164	166	166	166	166	166	166	166	164	166	166	164	166	166	166	166	166	164	166	166	165	164	165	164	166
165	166	166	165	166	166	166	166	164	166	166	164	166	166	166	166	166	166	166	164	166	166	164	166	166	166	166	166	164	166	166	165	164	165	164	166
165	166	166	165	166	166	166	166	164	166	166	164	166	166	166	166	166	166	166	164	166	166	164	166	166	166	166	166	164	166	166	165	164	165	164	166
165	166	166	165	166	166	166	166	164	166	166	164	166	166	166	166	166	166	166	164	166	166	164	166	166	166	166	166	164	166	166	165	164	165	164	166
250	249	249	249	249	250	249	250	250	250	249	250	250	250	250	250	250	250	249	250	250	250	248	250	250	250	250	250	248	250	250	250	247	250	250	249
250	249	249	249	249	250	249	250	250	250	249	250	250	250	250	250	250	250	249	250	250	250	248	250	250	250	250	250	248	250	250	250	247	250	250	249
250	249	249	249	249	250	249	250	250	250	249	250	250	250	250	250	250	250	249	250	250	250	248	250	250	250	250	250	248	250	250	250	247	250	250	249
250	249	249	249	249	250	249	250	250	250	249	250	250	250	250	250	250	250	249	250	250	250	248	250	250	250	250	250	248	250	250	250	247	250	250	249
250	249	249	249	249	250	249	250	250	250	249	250	250	250	250	250	250	250	249	250	250	250	248	250	250	250	250	250	248	250	250	250	247	250	250	249
250	249	249	249	249	250	249	250	250	250	249	250	250	250	250	250	250	250	249	250	250	250	248	250	250	250	250	250	248	250	250	250	247	250	250	249
279	278	278	277	278	279	277	279	279	279	278	279	279	279	279	279	279	279	278	279	279	279	278	279	279	279	279	279	278	279	279	279	278	279	279	278
279	278	278	277	278	279	277	279	279	279	278	279	279	279	279	279	279	279	278	279	279	279	278	279	279	279	279	279	278	279	279	279	278	279	279	278
279	278	278	277	278	279	277	279	279	279	278	279	279	279	279	279	279	279	278	279	279	279	278	279	279	279	279	279	278	279	279	279	278	279	279	278
279	278	278	277	278	279	277	279	279	279	278	279	279	279	279	279	279	279	278	279	279	279	278	279	279	279	279	279	278	279	279	279	278	279	279	278
279	278	278	277	278	279	277	279	279	279	278	279	279	279	279	279	279	279	278	279	279	279	278	279	279	279	279	279	278	279	279	279	278	279	279	278
279	278	278	277	278	279	277	279	279	279	278	279	279	279	279	279	279	279	278	279	279	279	278	279	279	279	279	279	278	279	279	279	278	279	279	278
272	273	273	273	273	272	273	273	273	273	273	272	273	273	273	273	272	272	272	272	273	273	273	273	273	273	273	273	273	273	273	273	273	273	273	273
272	273	273	273	273	272	273	273	273	273	273	272	273	273	273	273	272	272	272	272	273	273	273	273	273	273	273	273	273	273	273	273	273	273	273	273
272	273	273	273	273	272	273	273	273	273	273	272	273	273	273	273	272	272	272	272	273	273	273	273	273	273	273	273	273	273	273	273	273	273	273	273
272	273	273	273	273	272	273	273	273	273	273	272	273	273	273	273	272	272	272	272	273	273	273	273	273	273	273	273	273	273	273	273	273	273	273	273
272	273	273	273	273	272	273	273	273	273	273	272	273	273	273	273	272	272	272	272	273	273	273	273	273	273	273	273	273	273	273	273	273	273	273	273
272	273	273	273	273	272	273	273	273	273	273	272	273	273	273	273	272	272	272	272	273	273	273	273	273	273	273	273	273	273	273	273	273	273	273	273
283	283	0	283	283	282	283	283	282	283	283	282	283	283	283	283	283	283	283	282	283	283	281	283	283	283	283	283	16	282	282	282	283	282	282	283
283	283	0	283	283	282	283	283	282	283	283	282	283	283	283	283	283	283	283	282	283	283	281	283	283	283	283	283	16	282	282	282	283	282	282	283
283	283	0	283	283	282	283	283	282	283	283	282	283	283	283	283	283	283	283	282	283	283	281	283	283	283	283	283	16	282	282	282	283	282	282	283
283	283	60	283	283	282	283	283	282	283	283	282	283	283	283	283	283	283	283	282	283	283	281	283	283	283	283	283	16	282	282	282	283	282	282	283
283	283	60	283	283	282	283	283	282	283	283	282	283	283	283	283	283	283	283	282	283	283	281	283	283	283	283	283	16	282	282	282	283	282	282	283
283	283	60	283	283	282	283	283	282	283	283	282	283	283	283	283	283	283	283	282	283	283	281	283	283	283	283	283	16	282	282	282	283	282	282	283
307	307	307	307	307	307	307	307	307	307	307	307	307	307	306	307	307	307	307	307	307	307	307	306	307	307	307	307	306	306	307	306	306	303	303	307
307	307	307	307	307	307	307	307	307	307	307	307	307	307	306	307	307	307	307	307	307	307	307	306	307	307	307	307	306	306	307	306	306	303	303	307
307	307	307	307	307	307	307	307	307	307	307	307	307	307	306	307	307	307	307	307	307	307	307	306	307	307	307	307	306	306	307	306	306	303	303	307
307	307	307	307	307	307	307	307	307	307	307	307	307	307	306	307	307	307	307	307	307	307	307	306	307	307	307	307	306	306	307	306	306	303	303	307
307	307	307	307	307	307	307	307	307	307	307	307	307	307	306	307	307	307	307	307	307	307	307	306	307	307	307	307	306	306	307	306	306	303	303	307
307	307	307	307	307	307	307	307	307	307	307	307	307	307	306	307	307	307	307	307	307	307	307	306	307	307	307	307	306	306	307	306	306	303	303	307
0	25	0	18	0	25	18	0	0	83	18	25	0	83	0	0	18	0	83	18	0	25	18	25	0	25	18	83	0	18	83	0	18	83	83	18
0	25	0	18	0	25	18	0	0	83	18	25	0	83	0	0	18	0	83	18	0	25	18	25	0	25	18	83	0	18	83	0	18	83	83	18
0	25	0	18	0	25	18	0	0	83	18	25	0	83	0	0	18	0	83	18	0	25	18	25	0	25	18	83	0	18	83	0	18	83	83	18
26	25	0	26	0	25	0	26	0	83	26	25	26	83	42	0	0	42	83	26	42	25	42	25	0	25	0	83	42	0	83	0	26	83	83	26
26	25	0	26	0	25	0	26	0	83	26	25	26	83	42	0	0	42	83	26	42	25	42	25	0	25	0	83	42	0	83	0	26	83	83	26
26	25	0	26	0	25	0	26	0	83	26	25	26	83	42	0	0	42	83	26	42	25	42	25	0	25	0	83	42	0	83	0	26	83	83	26
341	341	341	341	340	340	341	341	341	341	341	340	340	340	340	339	341	341	341	341	338	341	340	341	341	341	340	341	341	341	341	341	341	341	341	341
341	341	341	341	340	340	341	341	341	341	341	340	340	340	340	339	341	341	341	341	338	341	340	341	341	341	340	341	341	341	341	341	341	341	341	341
341	341	341	341	340	340	341	341	341	341	341	340	340	340	340	339	341	341	341	341	338	341	340	341	341	341	340	341	341	341	341	341	341	341	341	341
341	341	341	341	340	340	341	341	341	341	341	340	340	340	340	339	341	341	341	341	338	341	340	341	341	341	340	341	341	341	341	341	341	341	341	341
341	341	341	341	340	340	341	341	341	341	341	340	340	340	340	339	341	341	341	341	338	341	340	341	341	341	340	341	341	341	341	341	341	341	341	341
341	341	341	341	340	340	341	341	341	341	341	340	340	340	340	339	341	341	341	341	338	341	340	341	341	341	340	341	341	341	341	341	341	341	341	341
120	0	0	120	0	0	32	29	29	0	32	32	112	29	0	0	0	32	0	120	32	0	32	0	0	0	32	112	0	0	112	112	32	29	29	32
120	0	0	120	0	0	32	29	29	0	32	32	112	29	0	0	0	32	0	120	32	0	32	0	0	0	32	112	0	0	112	112	32	29	29	32
120	0	0	120	0	0	32	29	29	0	32	32	112	29	0	0	0	32	0	120	32	0	32	0	0	0	32	112	0	0	112	112	32	29	29	32
324	323	318	324	324	323	324	324	323	324	324	324	324	323	324	324	324	324	321	324	324	323	324	324	324	324	323	324	323	324	324	324	323	324	323	323
324	323	318	324	324	323	324	324	323	324	324	324	324	323	324	324	324	324	321	324	324	323	324	324	324	324	323	324	323	324	324	324	323	324	323	323
324	323	318	324	324	323	324	324	323	324	324	324	324	323	324	324	324	324	321	324	324	323	324	324	324	324	323	324	323	324	324	324	323	324	323	323
324	323	318	324	324	323	324	324	323	324	324	324	324	323	324	324	324	324	321	324	324	323	324	324	324	324	323	324	323	324	324	324	323	324	323	323
324	323	318	324	324	323	324	324	323	324	324	324	324	323	324	324	324	324	321	324	324	323	324	324	324	324	323	324	323	324	324	324	323	324	323	323
324	323	318	324	324	323	324	324	323	324	324	324	324	323	324	324	324	324	321	324	324	323	324	324	324	324	323	324	323	324	324	324	323	324	323	323
0	65	65	36	0	65	36	0	65	45	36	37	0	45	0	65	0	65	45	0	65	45	0	0	37	0	37	0	0	0	37	37	0	45	45	0
0	65	65	36	0	65	36	0	65	45	36	37	0	45	0	65	0	65	45	0	65	45	0	0	37	0	37	0	0	0	37	37	0	45	45	0
0	65	65	36	0	65	36	0	65	45	36	37	0	45	0	65	0	65	45	0	65	45	0	0	37	0	37	0	0	0	37	37	0	45	45	0
294	293	293	294	293	293	294	293	0	293	293	294	294	293	293	293	293	294	293	294	294	293	294	293	293	294	293	294	294	293	294	294	85	292	291	293
294	293	293	294	293	293	294	293	0	293	293	294	294	293	293	293	293	294	293	294	294	293	294	293	293	294	293	294	294	293	294	294	85	292	291	293
294	293	293	294	293	293	294	293	0	293	293	294	294	293	293	293	293	294	293	294	294	293	294	293	293	294	293	294	294	293	294	294	85	292	291	293
294	293	293	294	293	293	294	293	0	293	293	294	294	293	293	293	293	294	293	294	294	293	294	293	293	294	293	294	294	293	294	294	85	292	291	293
294	293	293	294	293	293	294	293	0	293	293	294	294	293	293	293	293	294	293	294	294	293	294	293	293	294	293	294	294	293	294	294	85	292	291	293
294	293	293	294	293	293	294	293	0	293	293	294	294	293	293	293	293	294	293	294	294	293	294	293	293	294	293	294	294	293	294	294	85	292	291	293
373	374	374	373	374	374	374	374	373	374	374	373	374	374	374	374	374	374	374	371	374	374	373	374	374	374	374	374	373	374	374	373	373	373	373	374
373	374	374	373	374	374	374	374	373	374	374	373	374	374	374	374	374	374	374	371	374	374	373	374	374	374	374	374	373	374	374	373	373	373	373	374
373	374	374	373	374	374	374	374	373	374	374	373	374	374	374	374	374	374	374	371	374	374	373	374	374	374	374	374	373	374	374	373	373	373	373	374
373	374	374	373	374	374	374	374	373	374	374	373	374	374	374	374	374	374	374	371	374	374	373	374	374	374	374	374	373	374	374	373	373	373	373	374
373	374	374	373	374	374	374	374	373	374	374	373	374	374	374	374	374	374	374	371	374	374	373	374	374	374	374	374	373	374	374	373	373	373	373	374
373	374	374	373	374	374	374	374	373	374	374	373	374	374	374	374	374	374	374	371	374	374	373	374	374	374	374	374	373	374	374	373	373	373	373	374
159	159	159	159	159	159	159	159	159	159	159	159	159	159	0	159	158	158	158	159	159	158	159	46	159	159	159	159	159	44	159	159	159	159	159	159
159	159	159	159	159	159	159	159	159	159	159	159	159	159	0	159	158	158	158	159	159	158	159	46	159	159	159	159	159	44	159	159	159	159	159	159
159	159	159	159	159	159	159	159	159	159	159	159	159	159	0	159	158	158	158	159	159	158	159	46	159	159	159	159	159	44	159	159	159	159	159	159
159	159	159	159	159	159	159	159	159	159	159	159	159	159	0	159	158	158	158	159	159	158	159	46	159	159	159	159	159	44	159	159	159	159	159	159
159	159	159	159	159	159	159	159	159	159	159	159	159	159	0	159	158	158	158	159	159	158	159	46	159	159	159	159	159	44	159	159	159	159	159	159
159	159	159	159	159	159	159	159	159	159	159	159	159	159	0	159	158	158	158	159	159	158	159	46	159	159	159	159	159	44	159	159	159	159	159	159
0	238	238	238	238	48	238	238	237	238	238	48	238	238	238	238	0	238	238	0	238	238	74	238	238	238	238	238	188	238	238	64	188	48	48	238
0	238	238	238	238	48	238	238	237	238	238	48	238	238	238	238	0	238	238	0	238	238	74	238	238	238	238	238	188	238	238	64	188	48	48	238
0	238	238	238	238	48	238	238	237	238	238	48	238	238	238	238	0	238	238	0	238	238	74	238	238	238	238	238	188	238	238	64	188	48	48	238
0	238	238	238	238	48	238	238	237	238	238	48	238	238	238	238	0	238	238	0	238	238	74	238	238	238	238	238	188	238	238	64	188	48	48	238
0	238	238	238	238	48	238	238	237	238	238	48	238	238	238	238	0	238	238	0	238	238	74	238	238	238	238	238	188	238	238	64	188	48	48	238
0	238	238	238	238	48	238	238	237	238	238	48	238	238	238	238	0	238	238	0	238	238	74	238	238	238	238	238	188	238	238	64	188	48	48	238
377	377	377	377	48	48	377	377	377	377	377	48	376	376	376	376	377	377	377	377	376	377	376	377	377	377	376	377	377	377	377	377	377	377	377	377
377	377	377	377	48	48	377	377	377	377	377	48	376	376	376	376	377	377	377	377	376	377	376	377	377	377	376	377	377	377	377	377	377	377	377	377
377	377	377	377	48	48	377	377	377	377	377	48	376	376	376	376	377	377	377	377	376	377	376	377	377	377	376	377	377	377	377	377	377	377	377	377
377	377	377	377	55	49	377	377	377	377	377	49	376	376	376	376	377	377	377	377	376	377	376	377	377	377	376	377	377	377	377	377	377	377	377	377
377	377	377	377	55	49	377	377	377	377	377	49	376	376	376	376	377	377	377	377	376	377	376	377	377	377	376	377	377	377	377	377	377	377	377	377
377	377	377	377	55	49	377	377	377	377	377	49	376	376	376	376	377	377	377	377	376	377	376	377	377	377	376	377	377	377	377	377	377	377	377	377
55	0	49	61	55	49	0	0	0	49	0	49	0	61	55	113	61	55	0	55	0	0	0	0	113	113	55	61	0	113	61	61	0	0	49	0
55	0	49	61	55	49	0	0	0	49	0	49	0	61	55	113	61	55	0	55	0	0	0	0	113	113	55	61	0	113	61	61	0	0	49	0
55	0	49	61	55	49	0	0	0	49	0	49	0	61	55	113	61	55	0	55	0	0	0	0	113	113	55	61	0	113	61	61	0	0	49	0
199	200	200	199	200	200	199	200	200	200	199	200	200	200	200	200	200	62	200	199	50	200	0	199	199	200	200	200	200	200	68	200	200	199	200	200
199	200	200	199	200	200	199	200	200	200	199	200	200	200	200	200	200	62	200	199	50	200	0	199	199	200	200	200	200	200	68	200	200	199	200	200
199	200	200	199	200	200	199	200	200	200	199	200	200	200	200	200	200	62	200	199	50	200	0	199	199	200	200	200	200	200	68	200	200	199	200	200
199	200	200	199	200	200	199	200	200	200	199	200	200	200	200	200	200	62	200	199	50	200	0	199	199	200	200	200	200	200	68	200	200	199	200	200
199	200	200	199	200	200	199	200	200	200	199	200	200	200	200	200	200	62	200	199	50	200	0	199	199	200	200	200	200	200	68	200	200	199	200	200
199	200	200	199	200	200	199	200	200	200	199	200	200	200	200	200	200	62	200	199	50	200	0	199	199	200	200	200	200	200	68	200	200	199	200	200
176	51	51	91	72	176	91	0	176	176	91	176	176	176	176	0	176	176	176	176	176	51	176	176	51	176	176	176	176	176	174	176	176	176	176	175
176	51	51	91	72	176	91	0	176	176	91	176	176	176	176	0	176	176	176	176	176	51	176	176	51	176	176	176	176	176	174	176	176	176	176	175
176	51	51	91	72	176	91	0	176	176	91	176	176	176	176	0	176	176	176	176	176	51	176	176	51	176	176	176	176	176	174	176	176	176	176	175
176	51	51	91	72	176	91	0	176	176	91	176	176	176	176	0	176	176	176	176	176	51	176	176	51	176	176	176	176	176	174	176	176	176	176	175
176	51	51	91	72	176	91	0	176	176	91	176	176	176	176	0	176	176	176	176	176	51	176	176	51	176	176	176	176	176	174	176	176	176	176	175
176	51	51	91	72	176	91	0	176	176	91	176	176	176	176	0	176	176	176	176	176	51	176	176	51	176	176	176	176	176	174	176	176	176	176	175
418	418	419	418	419	419	418	418	419	419	418	419	419	419	419	417	419	419	419	419	419	418	419	419	417	419	419	419	419	419	418	419	419	419	419	418
418	418	419	418	419	419	418	418	419	419	418	419	419	419	419	417	419	419	419	419	419	418	419	419	417	419	419	419	419	419	418	419	419	419	419	418
418	418	419	418	419	419	418	418	419	419	418	419	419	419	419	417	419	419	419	419	419	418	419	419	417	419	419	419	419	419	418	419	419	419	419	418
418	418	419	418	419	419	418	418	419	419	418	419	419	419	419	417	419	419	419	419	419	418	419	419	417	419	419	419	419	419	418	419	419	419	419	418
418	418	419	418	419	419	418	418	419	419	418	419	419	419	419	417	419	419	419	419	419	418	419	419	417	419	419	419	419	419	418	419	419	419	419	418
418	418	419	418	419	419	418	418	419	419	418	419	419	419	419	417	419	419	419	419	419	418	419	419	417	419	419	419	419	419	418	419	419	419	419	418
182	181	181	181	181	182	182	182	179	182	182	180	182	182	182	182	182	181	182	182	182	181	182	181	181	182	182	182	182	182	181	182	182	181	181	182
182	181	181	181	181	182	182	182	179	182	182	180	182	182	182	182	182	181	182	182	182	181	182	181	181	182	182	182	182	182	181	182	182	181	181	182
182	181	181	181	181	182	182	182	179	182	182	180	182	182	182	182	182	181	182	182	182	181	182	181	181	182	182	182	182	182	181	182	182	181	181	182
182	181	181	181	181	182	182	182	179	182	182	180	182	182	182	182	182	181	182	182	182	181	182	181	181	182	182	182	182	182	181	182	182	181	181	182
182	181	181	181	181	182	182	182	179	182	182	180	182	182	182	182	182	181	182	182	182	181	182	181	181	182	182	182	182	182	181	182	182	181	181	182
182	181	181	181	181	182	182	182	179	182	182	180	182	182	182	182	182	181	182	182	182	181	182	181	181	182	182	182	182	182	181	182	182	181	181	182
435	435	435	433	435	435	435	0	435	434	435	435	435	435	435	435	434	434	434	435	435	433	435	0	435	434	435	435	435	435	435	434	435	435	435	435
435	435	435	433	435	435	435	0	435	434	435	435	435	435	435	435	434	434	434	435	435	433	435	0	435	434	435	435	435	435	435	434	435	435	435	435
435	435	435	433	435	435	435	0	435	434	435	435	435	435	435	435	434	434	434	435	435	433	435	0	435	434	435	435	435	435	435	434	435	435	435	435
435	435	435	433	435	435	435	0	435	434	435	435	435	435	435	435	434	434	434	435	435	433	435	0	435	434	435	435	435	435	435	434	435	435	435	435
435	435	435	433	435	435	435	0	435	434	435	435	435	435	435	435	434	434	434	435	435	433	435	0	435	434	435	435	435	435	435	434	435	435	435	435
435	435	435	433	435	435	435	0	435	434	435	435	435	435	435	435	434	434	434	435	435	433	435	0	435	434	435	435	435	435	435	434	435	435	435	435
231	230	230	231	231	231	231	231	231	231	231	230	230	230	229	229	231	231	229	231	231	231	230	231	231	231	229	231	231	231	231	231	231	231	231	231
231	230	230	231	231	231	231	231	231	231	231	230	230	230	229	229	231	231	229	231	231	231	230	231	231	231	229	231	231	231	231	231	231	231	231	231
231	230	230	231	231	231	231	231	231	231	231	230	230	230	229	229	231	231	229	231	231	231	230	231	231	231	229	231	231	231	231	231	231	231	231	231
231	230	230	231	231	231	231	231	231	231	231	230	230	230	229	229	231	231	229	231	231	231	230	231	231	231	229	231	231	231	231	231	231	231	231	231
231	230	230	231	231	231	231	231	231	231	231	230	230	230	229	229	231	231	229	231	231	231	230	231	231	231	229	231	231	231	231	231	231	231	231	231
231	230	230	231	231	231	231	231	231	231	231	230	230	230	229	229	231	231	229	231	231	231	230	231	231	231	229	231	231	231	231	231	231	231	231	231
431	431	430	430	430	431	430	431	431	431	430	431	431	431	431	431	431	431	430	429	431	431	429	431	431	431	431	431	430	431	431	431	430	431	431	430
431	431	430	430	430	431	430	431	431	431	430	431	431	431	431	431	431	431	430	429	431	431	429	431	431	431	431	431	430	431	431	431	430	431	431	430
431	431	430	430	430	431	430	431	431	431	430	431	431	431	431	431	431	431	430	429	431	431	429	431	431	431	431	431	430	431	431	431	430	431	431	430
431	431	430	430	430	431	430	431	431	431	430	431	431	431	431	431	431	431	430	429	431	431	429	431	431	431	431	431	430	431	431	431	430	431	431	430
431	431	430	430	430	431	430	431	431	431	430	431	431	431	431	431	431	431	430	429	431	431	429	431	431	431	431	431	430	431	431	431	430	431	431	430
431	431	430	430	430	431	430	431	431	431	430	431	431	431	431	431	431	431	430	429	431	431	429	431	431	431	431	431	430	431	431	431	430	431	431	430
395	395	395	395	394	395	395	395	0	395	395	395	395	394	395	395	395	395	395	395	394	395	0	395	395	395	395	395	392	395	395	394	394	0	0	395
395	395	395	395	394	395	395	395	0	395	395	395	395	394	395	395	395	395	395	395	394	395	0	395	395	395	395	395	392	395	395	394	394	0	0	395
395	395	395	395	394	395	395	395	0	395	395	395	395	394	395	395	395	395	395	395	394	395	0	395	395	395	395	395	392	395	395	394	394	0	0	395
395	395	395	395	394	395	395	395	0	395	395	395	395	394	395	395	395	395	395	395	394	395	0	395	395	395	395	395	392	395	395	394	394	0	0	395
395	395	395	395	394	395	395	395	0	395	395	395	395	394	395	395	395	395	395	395	394	395	0	395	395	395	395	395	392	395	395	394	394	0	0	395
395	395	395	395	394	395	395	395	0	395	395	395	395	394	395	395	395	395	395	395	394	395	0	395	395	395	395	395	392	395	395	394	394	0	0	395
124	0	0	124	78	78	124	86	0	78	124	78	0	124	86	0	86	0	78	0	86	78	86	0	0	124	0	86	86	124	0	0	124	0	78	124
124	0	0	124	78	78	124	86	0	78	124	78	0	124	86	0	86	0	78	0	86	78	86	0	0	124	0	86	86	124	0	0	124	0	78	124
124	0	0	124	78	78	124	86	0	78	124	78	0	124	86	0	86	0	78	0	86	78	86	0	0	124	0	86	86	124	0	0	124	0	78	124
197	197	195	197	197	195	197	197	195	196	196	197	197	196	197	197	197	197	197	195	197	197	195	197	197	197	196	197	195	197	197	197	195	197	197	196
197	197	195	197	197	195	197	197	195	196	196	197	197	196	197	197	197	197	197	195	197	197	195	197	197	197	196	197	195	197	197	197	195	197	197	196
197	197	195	197	197	195	197	197	195	196	196	197	197	196	197	197	197	197	197	195	197	197	195	197	197	197	196	197	195	197	197	197	195	197	197	196
197	197	195	197	197	195	197	197	195	196	196	197	197	196	197	197	197	197	197	195	197	197	195	197	197	197	196	197	195	197	197	197	195	197	197	196
197	197	195	197	197	195	197	197	195	196	196	197	197	196	197	197	197	197	197	195	197	197	195	197	197	197	196	197	195	197	197	197	195	197	197	196
197	197	195	197	197	195	197	197	195	196	196	197	197	196	197	197	197	197	197	195	197	197	195	197	197	197	196	197	195	197	197	197	195	197	197	196
213	211	212	213	213	212	213	213	212	213	213	213	213	212	213	213	213	213	211	213	213	213	81	213	213	213	213	213	0	213	213	213	0	213	212	0
213	211	212	213	213	212	213	213	212	213	213	213	213	212	213	213	213	213	211	213	213	213	81	213	213	213	213	213	0	213	213	213	0	213	212	0
213	211	212	213	213	212	213	213	212	213	213	213	213	212	213	213	213	213	211	213	213	213	81	213	213	213	213	213	0	213	213	213	0	213	212	0
213	211	212	213	213	212	213	213	212	213	213	213	213	212	213	213	213	213	211	213	213	213	81	213	213	213	213	213	0	213	213	213	0	213	212	0
213	211	212	213	213	212	213	213	212	213	213	213	213	212	213	213	213	213	211	213	213	213	81	213	213	213	213	213	0	213	213	213	0	213	212	0
213	211	212	213	213	212	213	213	212	213	213	213	213	212	213	213	213	213	211	213	213	213	81	213	213	213	213	213	0	213	213	213	0	213	212	0
0	348	348	0	348	348	0	348	348	348	345	348	348	348	348	348	348	0	348	0	0	348	0	0	346	348	348	348	348	348	346	348	348	346	348	348
0	348	348	0	348	348	0	348	348	348	345	348	348	348	348	348	348	0	348	0	0	348	0	0	346	348	348	348	348	348	346	348	348	346	348	348
0	348	348	0	348	348	0	348	348	348	345	348	348	348	348	348	348	0	348	0	0	348	0	0	346	348	348	348	348	348	346	348	348	346	348	348
0	348	348	0	348	348	0	348	348	348	345	348	348	348	348	348	348	0	348	0	0	348	0	0	346	348	348	348	348	348	346	348	348	346	348	348
0	348	348	0	348	348	0	348	348	348	345	348	348	348	348	348	348	0	348	0	0	348	0	0	346	348	348	348	348	348	346	348	348	346	348	348
0	348	348	0	348	348	0	348	348	348	345	348	348	348	348	348	348	0	348	0	0	348	0	0	346	348	348	348	348	348	346	348	348	346	348	348
366	368	368	366	368	368	366	368	368	368	366	368	368	368	368	367	368	367	368	367	367	367	368	368	367	368	368	367	368	368	368	368	366	368	368	366
366	368	368	366	368	368	366	368	368	368	366	368	368	368	368	367	368	367	368	367	367	367	368	368	367	368	368	367	368	368	368	368	366	368	368	366
366	368	368	366	368	368	366	368	368	368	366	368	368	368	368	367	368	367	368	367	367	367	368	368	367	368	368	367	368	368	368	368	366	368	368	366
366	368	368	366	368	368	366	368	368	368	366	368	368	368	368	367	368	367	368	367	367	367	368	368	367	368	368	367	368	368	368	368	366	368	368	366
366	368	368	366	368	368	366	368	368	368	366	368	368	368	368	367	368	367	368	367	367	367	368	368	367	368	368	367	368	368	368	368	366	368	368	366
366	368	368	366	368	368	366	368	368	368	366	368	368	368	368	367	368	367	368	367	367	367	368	368	367	368	368	367	368	368	368	368	366	368	368	366
225	224	224	225	225	224	223	224	225	225	223	225	225	225	225	224	225	225	225	225	225	224	225	225	224	225	225	225	225	225	224	225	225	225	225	223
225	224	224	225	225	224	223	224	225	225	223	225	225	225	225	224	225	225	225	225	225	224	225	225	224	225	225	225	225	225	224	225	225	225	225	223
225	224	224	225	225	224	223	224	225	225	223	225	225	225	225	224	225	225	225	225	225	224	225	225	224	225	225	225	225	225	224	225	225	225	225	223
225	224	224	225	225	224	223	224	225	225	223	225	225	225	225	224	225	225	225	225	225	224	225	225	224	225	225	225	225	225	224	225	225	225	225	223
225	224	224	225	225	224	223	224	225	225	223	225	225	225	225	224	225	225	225	225	225	224	225	225	224	225	225	225	225	225	224	225	225	225	225	223
225	224	224	225	225	224	223	224	225	225	223	225	225	225	225	224	225	225	225	225	225	224	225	225	224	225	225	225	225	225	224	225	225	225	225	223
403	402	404	401	404	404	402	403	404	404	403	404	404	404	403	403	404	404	404	404	404	402	404	404	404	404	403	404	403	404	404	404	403	404	404	403
403	402	404	401	404	404	402	403	404	404	403	404	404	404	403	403	404	404	404	404	404	402	404	404	404	404	403	404	403	404	404	404	403	404	404	403
403	402	404	401	404	404	402	403	404	404	403	404	404	404	403	403	404	404	404	404	404	402	404	404	404	404	403	404	403	404	404	404	403	404	404	403
403	402	404	401	404	404	402	403	404	404	403	404	404	404	403	403	404	404	404	404	404	402	404	404	404	404	403	404	403	404	404	404	403	404	404	403
403	402	404	401	404	404	402	403	404	404	403	404	404	404	403	403	404	404	404	404	404	402	404	404	404	404	403	404	403	404	404	404	403	404	404	403
403	402	404	401	404	404	402	403	404	404	403	404	404	404	403	403	404	404	404	404	404	402	404	404	404	404	403	404	403	404	404	404	403	404	404	403
0	0	101	0	98	98	0	0	98	0	0	100	0	101	0	98	101	100	0	0	100	98	100	98	0	98	0	101	100	0	101	101	100	98	98	100
0	0	101	0	98	98	0	0	98	0	0	100	0	101	0	98	101	100	0	0	100	98	100	98	0	98	0	101	100	0	101	101	100	98	98	100
0	0	101	0	98	98	0	0	98	0	0	100	0	101	0	98	101	100	0	0	100	98	100	98	0	98	0	101	100	0	101	101	100	98	98	100
110	0	123	110	106	106	0	0	106	0	110	0	0	110	106	102	123	106	110	110	123	102	123	102	0	102	123	106	0	123	106	110	102	0	0	110
110	0	123	110	106	106	0	0	106	0	110	0	0	110	106	102	123	106	110	110	123	102	123	102	0	102	123	106	0	123	106	110	102	0	0	110
110	0	123	110	106	106	0	0	106	0	110	0	0	110	106	102	123	106	110	110	123	102	123	102	0	102	123	106	0	123	106	110	102	0	0	110
110	0	123	110	106	106	0	0	106	0	110	0	0	110	106	102	123	106	110	110	123	102	123	102	0	102	123	106	0	123	106	110	102	0	0	110
110	0	123	110	106	106	0	0	106	0	110	0	0	110	106	102	123	106	110	110	123	102	123	102	0	102	123	106	0	123	106	110	102	0	0	110
110	0	123	110	106	106	0	0	106	0	110	0	0	110	106	102	123	106	110	110	123	102	123	102	0	102	123	106	0	123	106	110	102	0	0	110
108	299	299	298	299	299	298	299	299	299	298	299	299	299	299	299	299	299	299	108	299	299	298	298	298	299	299	298	299	299	299	299	298	299	299	298
108	299	299	298	299	299	298	299	299	299	298	299	299	299	299	299	299	299	299	108	299	299	298	298	298	299	299	298	299	299	299	299	298	299	299	298
108	299	299	298	299	299	298	299	299	299	298	299	299	299	299	299	299	299	299	108	299	299	298	298	298	299	299	298	299	299	299	299	298	299	299	298
108	299	299	298	299	299	298	299	299	299	298	299	299	299	299	299	299	299	299	108	299	299	298	298	298	299	299	298	299	299	299	299	298	299	299	298
108	299	299	298	299	299	298	299	299	299	298	299	299	299	299	299	299	299	299	108	299	299	298	298	298	299	299	298	299	299	299	299	298	299	299	298
108	299	299	298	299	299	298	299	299	299	298	299	299	299	299	299	299	299	299	108	299	299	298	298	298	299	299	298	299	299	299	299	298	299	299	298
108	117	117	0	0	117	0	0	117	0	0	0	0	108	0	0	0	117	108	108	117	0	0	108	0	108	0	0	108	0	0	0	0	0	0	0
108	117	117	0	0	117	0	0	117	0	0	0	0	108	0	0	0	117	108	108	117	0	0	108	0	108	0	0	108	0	0	0	0	0	0	0
108	117	117	0	0	117	0	0	117	0	0	0	0	108	0	0	0	117	108	108	117	0	0	108	0	108	0	0	108	0	0	0	0	0	0	0
216	117	117	216	0	215	125	214	216	216	125	216	216	216	216	215	216	216	216	216	216	214	216	216	215	216	216	216	216	216	215	216	216	215	216	216
216	117	117	216	0	215	125	214	216	216	125	216	216	216	216	215	216	216	216	216	216	214	216	216	215	216	216	216	216	216	215	216	216	215	216	216
216	117	117	216	0	215	125	214	216	216	125	216	216	216	216	215	216	216	216	216	216	214	216	216	215	216	216	216	216	216	215	216	216	215	216	216
216	0	0	216	0	215	125	214	216	216	125	216	216	216	216	215	216	216	216	216	216	214	216	216	215	216	216	216	216	216	215	216	216	215	216	216
216	0	0	216	0	215	125	214	216	216	125	216	216	216	216	215	216	216	216	216	216	214	216	216	215	216	216	216	216	216	215	216	216	215	216	216
216	0	0	216	0	215	125	214	216	216	125	216	216	216	216	215	216	216	216	216	216	214	216	216	215	216	216	216	216	216	215	216	216	215	216	216
301	301	301	301	301	301	301	0	301	128	301	301	301	301	301	301	301	111	301	301	136	301	136	301	301	300	301	301	136	0	301	0	136	111	111	301
301	301	301	301	301	301	301	0	301	128	301	301	301	301	301	301	301	111	301	301	136	301	136	301	301	300	301	301	136	0	301	0	136	111	111	301
301	301	301	301	301	301	301	0	301	128	301	301	301	301	301	301	301	111	301	301	136	301	136	301	301	300	301	301	136	0	301	0	136	111	111	301
301	301	301	301	301	301	301	0	301	128	301	301	301	301	301	301	301	111	301	301	136	301	136	301	301	300	301	301	136	0	301	0	136	111	111	301
301	301	301	301	301	301	301	0	301	128	301	301	301	301	301	301	301	111	301	301	136	301	136	301	301	300	301	301	136	0	301	0	136	111	111	301
301	301	301	301	301	301	301	0	301	128	301	301	301	301	301	301	301	111	301	301	136	301	136	301	301	300	301	301	136	0	301	0	136	111	111	301
111	0	0	129	111	0	129	0	0	0	129	0	0	129	0	111	129	111	0	111	0	0	0	0	0	0	0	0	0	0	129	129	0	111	111	0
111	0	0	129	111	0	129	0	0	0	129	0	0	129	0	111	129	111	0	111	0	0	0	0	0	0	0	0	0	0	129	129	0	111	111	0
111	0	0	129	111	0	129	0	0	0	129	0	0	129	0	111	129	111	0	111	0	0	0	0	0	0	0	0	0	0	129	129	0	111	111	0
240	241	241	129	241	241	241	241	240	241	241	240	241	241	241	241	241	241	241	240	241	241	240	241	241	0	240	240	241	241	241	241	241	240	240	241
240	241	241	129	241	241	241	241	240	241	241	240	241	241	241	241	241	241	241	240	241	241	240	241	241	0	240	240	241	241	241	241	241	240	240	241
240	241	241	129	241	241	241	241	240	241	241	240	241	241	241	241	241	241	241	240	241	241	240	241	241	0	240	240	241	241	241	241	241	240	240	241
240	241	241	0	241	241	241	241	240	241	241	240	241	241	241	241	241	241	241	240	241	241	240	241	241	0	240	240	241	241	241	241	241	240	240	241
240	241	241	0	241	241	241	241	240	241	241	240	241	241	241	241	241	241	241	240	241	241	240	241	241	0	240	240	241	241	241	241	241	240	240	241
240	241	241	0	241	241	241	241	240	241	241	240	241	241	241	241	241	241	241	240	241	241	240	241	241	0	240	240	241	241	241	241	241	240	240	241
156	156	0	0	121	156	0	156	156	156	0	156	156	156	156	156	156	156	0	0	156	156	155	156	156	156	156	156	155	156	156	156	0	156	156	0
156	156	0	0	121	156	0	156	156	156	0	156	156	156	156	156	156	156	0	0	156	156	155	156	156	156	156	156	155	156	156	156	0	156	156	0
156	156	0	0	121	156	0	156	156	156	0	156	156	156	156	156	156	156	0	0	156	156	155	156	156	156	156	156	155	156	156	156	0	156	156	0
156	156	0	0	121	156	0	156	156	156	0	156	156	156	156	156	156	156	0	0	156	156	155	156	156	156	156	156	155	156	156	156	0	156	156	0
156	156	0	0	121	156	0	156	156	156	0	156	156	156	156	156	156	156	0	0	156	156	155	156	156	156	156	156	155	156	156	156	0	156	156	0
156	156	0	0	121	156	0	156	156	156	0	156	156	156	156	156	156	156	0	0	156	156	155	156	156	156	156	156	155	156	156	156	0	156	156	0
205	207	207	207	207	207	207	206	207	206	207	207	207	207	207	207	207	206	207	205	205	204	207	206	205	206	207	207	207	207	205	206	207	207	207	207
205	207	207	207	207	207	207	206	207	206	207	207	207	207	207	207	207	206	207	205	205	204	207	206	205	206	207	207	207	207	205	206	207	207	207	207
205	207	207	207	207	207	207	206	207	206	207	207	207	207	207	207	207	206	207	205	205	204	207	206	205	206	207	207	207	207	205	206	207	207	207	207
205	207	207	207	207	207	207	206	207	206	207	207	207	207	207	207	207	206	207	205	205	204	207	206	205	206	207	207	207	207	205	206	207	207	207	207
205	207	207	207	207	207	207	206	207	206	207	207	207	207	207	207	207	206	207	205	205	204	207	206	205	206	207	207	207	207	205	206	207	207	207	207
205	207	207	207	207	207	207	206	207	206	207	207	207	207	207	207	207	206	207	205	205	204	207	206	205	206	207	207	207	207	205	206	207	207	207	207
170	169	169	170	170	137	170	170	168	170	170	170	170	170	169	170	170	170	169	170	170	169	170	170	169	170	170	169	170	170	170	168	168	169	168	170
170	169	169	170	170	137	170	170	168	170	170	170	170	170	169	170	170	170	169	170	170	169	170	170	169	170	170	169	170	170	170	168	168	169	168	170
170	169	169	170	170	137	170	170	168	170	170	170	170	170	169	170	170	170	169	170	170	169	170	170	169	170	170	169	170	170	170	168	168	169	168	170
170	169	169	170	170	137	170	170	168	170	170	170	170	170	169	170	170	170	169	170	170	169	170	170	169	170	170	169	170	170	170	168	168	169	168	170
170	169	169	170	170	137	170	170	168	170	170	170	170	170	169	170	170	170	169	170	170	169	170	170	169	170	170	169	170	170	170	168	168	169	168	170
170	169	169	170	170	137	170	170	168	170	170	170	170	170	169	170	170	170	169	170	170	169	170	170	169	170	170	169	170	170	170	168	168	169	168	170
191	191	191	191	191	191	191	191	191	191	190	191	191	191	190	190	190	190	190	191	191	190	191	191	191	191	190	191	189	191	191	191	190	191	191	190
191	191	191	191	191	191	191	191	191	191	190	191	191	191	190	190	190	190	190	191	191	190	191	191	191	191	190	191	189	191	191	191	190	191	191	190
191	191	191	191	191	191	191	191	191	191	190	191	191	191	190	190	190	190	190	191	191	190	191	191	191	191	190	191	189	191	191	191	190	191	191	190
191	191	191	191	191	191	191	191	191	191	190	191	191	191	190	190	190	190	190	191	191	190	191	191	191	191	190	191	189	191	191	191	190	191	191	190
191	191	191	191	191	191	191	191	191	191	190	191	191	191	190	190	190	190	190	191	191	190	191	191	191	191	190	191	189	191	191	191	190	191	191	190
191	191	191	191	191	191	191	191	191	191	190	191	191	191	190	190	190	190	190	191	191	190	191	191	191	191	190	191	189	191	191	191	190	191	191	190
0	0	0	0	0	139	189	0	139	133	189	0	139	0	0	0	0	139	0	0	139	133	139	133	0	0	139	133	189	139	133	0	189	133	133	189
0	0	0	0	0	139	189	0	139	133	189	0	139	0	0	0	0	139	0	0	139	133	139	133	0	0	139	133	189	139	133	0	189	133	133	189
0	0	0	0	0	139	189	0	139	133	189	0	139	0	0	0	0	139	0	0	139	133	139	133	0	0	139	133	189	139	133	0	189	133	133	189
290	290	290	290	290	290	290	290	290	290	289	289	288	289	289	289	290	290	290	290	290	290	290	290	290	290	290	289	290	290	288	290	290	290	290	289
290	290	290	290	290	290	290	290	290	290	289	289	288	289	289	289	290	290	290	290	290	290	290	290	290	290	290	289	290	290	288	290	290	290	290	289
290	290	290	290	290	290	290	290	290	290	289	289	288	289	289	289	290	290	290	290	290	290	290	290	290	290	290	289	290	290	288	290	290	290	290	289
290	290	290	290	290	290	290	290	290	290	289	289	288	289	289	289	290	290	290	290	290	290	290	290	290	290	290	289	290	290	288	290	290	290	290	289
290	290	290	290	290	290	290	290	290	290	289	289	288	289	289	289	290	290	290	290	290	290	290	290	290	290	290	289	290	290	288	290	290	290	290	289
290	290	290	290	290	290	290	290	290	290	289	289	288	289	289	289	290	290	290	290	290	290	290	290	290	290	290	289	290	290	288	290	290	290	290	289
235	236	236	235	236	236	235	236	236	236	236	236	235	236	236	236	236	236	236	235	236	236	235	236	236	235	236	236	235	235	235	236	236	234	234	236
235	236	236	235	236	236	235	236	236	236	236	236	235	236	236	236	236	236	236	235	236	236	235	236	236	235	236	236	235	235	235	236	236	234	234	236
235	236	236	235	236	236	235	236	236	236	236	236	235	236	236	236	236	236	236	235	236	236	235	236	236	235	236	236	235	235	235	236	236	234	234	236
235	236	236	235	236	236	235	236	236	236	236	236	235	236	236	236	236	236	236	235	236	236	235	236	236	235	236	236	235	235	235	236	236	234	234	236
235	236	236	235	236	236	235	236	236	236	236	236	235	236	236	236	236	236	236	235	236	236	235	236	236	235	236	236	235	235	235	236	236	234	234	236
235	236	236	235	236	236	235	236	236	236	236	236	235	236	236	236	236	236	236	235	236	236	235	236	236	235	236	236	235	235	235	236	236	234	234	236
361	362	362	361	362	362	361	362	362	362	361	362	360	362	362	362	362	362	362	358	361	362	361	362	362	361	362	362	361	361	361	362	362	361	362	362
361	362	362	361	362	362	361	362	362	362	361	362	360	362	362	362	362	362	362	358	361	362	361	362	362	361	362	362	361	361	361	362	362	361	362	362
361	362	362	361	362	362	361	362	362	362	361	362	360	362	362	362	362	362	362	358	361	362	361	362	362	361	362	362	361	361	361	362	362	361	362	362
361	362	362	361	362	362	361	362	362	362	361	362	360	362	362	362	362	362	362	358	361	362	361	362	362	361	362	362	361	361	361	362	362	361	362	362
361	362	362	361	362	362	361	362	362	362	361	362	360	362	362	362	362	362	362	358	361	362	361	362	362	361	362	362	361	361	361	362	362	361	362	362
361	362	362	361	362	362	361	362	362	362	361	362	360	362	362	362	362	362	362	358	361	362	361	362	362	361	362	362	361	361	361	362	362	361	362	362
141	0	0	0	141	0	0	0	0	0	0	0	141	0	0	0	0	141	0	141	0	0	141	0	0	0	141	0	0	141	0	0	141	0	0	141
141	0	0	0	141	0	0	0	0	0	0	0	141	0	0	0	0	141	0	141	0	0	141	0	0	0	141	0	0	141	0	0	141	0	0	141
141	0	0	0	141	0	0	0	0	0	0	0	141	0	0	0	0	141	0	141	0	0	141	0	0	0	141	0	0	141	0	0	141	0	0	141
312	314	314	314	314	313	314	314	313	314	314	314	314	314	314	314	313	314	314	312	312	311	314	314	312	314	314	314	314	314	312	314	314	312	312	314
312	314	314	314	314	313	314	314	313	314	314	314	314	314	314	314	313	314	314	312	312	311	314	314	312	314	314	314	314	314	312	314	314	312	312	314
312	314	314	314	314	313	314	314	313	314	314	314	314	314	314	314	313	314	314	312	312	311	314	314	312	314	314	314	314	314	312	314	314	312	312	314
312	314	314	314	314	313	314	314	313	314	314	314	314	314	314	314	313	314	314	312	312	311	314	314	312	314	314	314	314	314	312	314	314	312	312	314
312	314	314	314	314	313	314	314	313	314	314	314	314	314	314	314	313	314	314	312	312	311	314	314	312	314	314	314	314	314	312	314	314	312	312	314
312	314	314	314	314	313	314	314	313	314	314	314	314	314	314	314	313	314	314	312	312	311	314	314	312	314	314	314	314	314	312	314	314	312	312	314
152	152	152	151	152	152	151	152	152	152	152	152	151	152	152	152	151	151	151	152	152	152	152	152	0	152	152	152	152	152	0	152	152	0	0	152
152	152	152	151	152	152	151	152	152	152	152	152	151	152	152	152	151	151	151	152	152	152	152	152	0	152	152	152	152	152	0	152	152	0	0	152
152	152	152	151	152	152	151	152	152	152	152	152	151	152	152	152	151	151	151	152	152	152	152	152	0	152	152	152	152	152	0	152	152	0	0	152
152	152	152	151	152	152	151	152	152	152	152	152	151	152	152	152	151	151	151	152	152	152	152	152	0	152	152	152	152	152	0	152	152	0	0	152
152	152	152	151	152	152	151	152	152	152	152	152	151	152	152	152	151	151	151	152	152	152	152	152	0	152	152	152	152	152	0	152	152	0	0	152
152	152	152	151	152	152	151	152	152	152	152	152	151	152	152	152	151	151	151	152	152	152	152	152	0	152	152	152	152	152	0	152	152	0	0	152
154	153	153	150	0	154	0	154	154	154	154	154	0	154	154	154	154	0	154	154	154	153	154	154	0	154	154	154	154	154	153	154	154	153	153	154
154	153	153	150	0	154	0	154	154	154	154	154	0	154	154	154	154	0	154	154	154	153	154	154	0	154	154	154	154	154	153	154	154	153	153	154
154	153	153	150	0	154	0	154	154	154	154	154	0	154	154	154	154	0	154	154	154	153	154	154	0	154	154	154	154	154	153	154	154	153	153	154
154	153	153	0	0	154	0	154	154	154	154	154	0	154	154	154	154	0	154	154	154	153	154	154	0	154	154	154	154	154	153	154	154	153	153	154
154	153	153	0	0	154	0	154	154	154	154	154	0	154	154	154	154	0	154	154	154	153	154	154	0	154	154	154	154	154	153	154	154	153	153	154
154	153	153	0	0	154	0	154	154	154	154	154	0	154	154	154	154	0	154	154	154	153	154	154	0	154	154	154	154	154	153	154	154	153	153	154
0	0	0	0	0	0	0	0	0	0	0	0	0	0	0	0	0	0	0	0	0	0	0	0	0	0	0	0	0	0	0	0	0	0	0	0
0	0	0	0	0	0	0	0	0	0	0	0	0	0	0	0	0	0	0	0	0	0	0	0	0	0	0	0	0	0	0	0	0	0	0	0
