0	0	0	0	0	0	0	0	0	0	0	0	0	0	0	0	0	0	0	0	0	0	0	0	0	0	0	0	0	0	0	0	0	0	0	0
0	0	0	0	0	0	0	0	0	0	0	0	0	0	0	0	0	0	0	0	0	0	0	0	0	0	0	0	0	0	0	0	0	0	0	0
0	361	0	0	461	461	0	0	0	0	0	461	0	353	0	0	353	361	445	419	361	445	419	445	461	353	0	0	419	0	461	461	419	0	0	0
0	361	0	0	461	461	0	0	0	0	0	461	0	353	0	0	353	361	445	419	361	445	419	445	461	353	0	0	419	0	461	461	419	0	0	0
0	361	0	0	461	461	0	0	0	0	0	461	0	353	0	0	353	361	445	419	361	445	419	445	461	353	0	0	419	0	461	461	419	0	0	0
0	361	0	473	461	461	0	473	0	0	0	461	0	353	0	473	353	361	445	419	361	445	419	445	461	353	0	0	419	0	461	461	419	0	0	0
0	361	0	473	461	461	0	473	0	0	0	461	0	353	0	473	353	361	445	419	361	445	419	445	461	353	0	0	419	0	461	461	419	0	0	0
0	361	0	473	461	461	0	473	0	0	0	461	0	353	0	473	353	361	445	419	361	445	419	445	461	353	0	0	419	0	461	461	419	0	0	0
441	323	0	473	441	0	0	473	0	0	0	0	0	329	0	473	329	0	441	392	323	441	392	0	441	0	0	0	392	0	441	329	0	441	0	329
441	323	0	473	441	0	0	473	0	0	0	0	0	329	0	473	329	0	441	392	323	441	392	0	441	0	0	0	392	0	441	329	0	441	0	329
441	323	0	473	441	0	0	473	0	0	0	0	0	329	0	473	329	0	441	392	323	441	392	0	441	0	0	0	392	0	441	329	0	441	0	329
441	323	0	473	441	0	0	473	0	0	0	0	0	329	0	473	329	0	441	392	323	441	392	0	441	0	0	0	392	0	441	329	0	441	0	329
441	323	0	473	441	0	0	473	0	0	0	0	0	329	0	473	329	0	441	392	323	441	392	0	441	0	0	0	392	0	441	329	0	441	0	329
441	323	0	473	441	0	0	473	0	0	0	0	0	329	0	473	329	0	441	392	323	441	392	0	441	0	0	0	392	0	441	329	0	441	0	329
417	0	485	462	417	485	0	462	485	0	0	0	0	300	462	417	300	417	0	0	312	407	312	0	407	300	0	462	0	0	0	0	0	417	0	0
417	0	485	462	417	485	0	462	485	0	0	0	0	300	462	417	300	417	0	0	312	407	312	0	407	300	0	462	0	0	0	0	0	417	0	0
417	0	485	462	417	485	0	462	485	0	0	0	0	300	462	417	300	417	0	0	312	407	312	0	407	300	0	462	0	0	0	0	0	417	0	0
417	0	485	462	417	485	0	462	485	0	0	0	0	300	462	417	300	417	0	0	312	407	312	0	407	300	0	462	0	0	0	0	0	417	0	0
417	0	485	462	417	485	0	462	485	0	0	0	0	300	462	417	300	417	0	0	312	407	312	0	407	300	0	462	0	0	0	0	0	417	0	0
417	0	485	462	417	485	0	462	485	0	0	0	0	300	462	417	300	417	0	0	312	407	312	0	407	300	0	462	0	0	0	0	0	417	0	0
0	475	434	0	0	434	0	457	0	372	0	434	0	0	457	372	282	0	387	0	282	387	0	0	387	0	457	434	0	478	434	434	478	0	0	0
0	475	434	0	0	434	0	457	0	372	0	434	0	0	457	372	282	0	387	0	282	387	0	0	387	0	457	434	0	478	434	434	478	0	0	0
0	475	434	0	0	434	0	457	0	372	0	434	0	0	457	372	282	0	387	0	282	387	0	0	387	0	457	434	0	478	434	434	478	0	0	0
0	475	434	0	0	434	0	457	0	372	0	434	0	0	457	372	282	0	387	0	282	387	0	0	387	0	457	434	0	478	434	434	478	0	0	0
0	475	434	0	0	434	0	457	0	372	0	434	0	0	457	372	282	0	387	0	282	387	0	0	387	0	457	434	0	478	434	434	478	0	0	0
0	475	434	0	0	434	0	457	0	372	0	434	0	0	457	372	282	0	387	0	282	387	0	0	387	0	457	434	0	478	434	434	478	0	0	0
454	306	306	454	401	306	454	0	0	289	0	415	413	289	401	0	281	401	289	454	281	0	281	0	0	437	0	0	0	468	0	415	468	0	0	0
454	306	306	454	401	306	454	0	0	289	0	415	413	289	401	0	281	401	289	454	281	0	281	0	0	437	0	0	0	468	0	415	468	0	0	0
454	306	306	454	401	306	454	0	0	289	0	415	413	289	401	0	281	401	289	454	281	0	281	0	0	437	0	0	0	468	0	415	468	0	0	0
454	306	306	454	401	306	454	0	497	289	0	415	413	289	401	0	281	401	289	454	281	0	281	0	0	437	0	497	0	468	497	415	468	497	497	0
454	306	306	454	401	306	454	0	497	289	0	415	413	289	401	0	281	401	289	454	281	0	281	0	0	437	0	497	0	468	497	415	468	497	497	0
454	306	306	454	401	306	454	0	497	289	0	415	413	289	401	0	281	401	289	454	281	0	281	0	0	437	0	497	0	468	497	415	468	497	497	0
0	284	284	391	397	0	391	0	497	278	0	0	327	278	0	0	279	397	278	436	279	0	0	0	0	418	0	497	0	418	497	327	0	497	497	0
0	284	284	391	397	0	391	0	497	278	0	0	327	278	0	0	279	397	278	436	279	0	0	0	0	418	0	497	0	418	497	327	0	497	497	0
0	284	284	391	397	0	391	0	497	278	0	0	327	278	0	0	279	397	278	436	279	0	0	0	0	418	0	497	0	418	497	327	0	497	497	0
0	284	284	391	397	0	391	0	497	278	0	0	327	278	0	0	279	397	278	436	279	0	0	0	0	418	0	497	0	418	497	327	0	497	497	0
0	284	284	391	397	0	391	0	497	278	0	0	327	278	0	0	279	397	278	436	279	0	0	0	0	418	0	497	0	418	497	327	0	497	497	0
0	284	284	391	397	0	391	0	497	278	0	0	327	278	0	0	279	397	278	436	279	0	0	0	0	418	0	497	0	418	497	327	0	497	497	0
400	283	0	355	384	0	355	0	0	0	0	411	0	272	0	384	272	384	0	400	0	283	400	0	283	411	0	0	0	0	390	272	451	384	0	0
400	283	0	355	384	0	355	0	0	0	0	411	0	272	0	384	272	384	0	400	0	283	400	0	283	411	0	0	0	0	390	272	451	384	0	0
400	283	0	355	384	0	355	0	0	0	0	411	0	272	0	384	272	384	0	400	0	283	400	0	283	411	0	0	0	0	390	272	451	384	0	0
400	283	0	355	384	0	355	0	0	0	0	411	0	272	0	384	272	384	0	400	0	283	400	0	283	411	0	0	0	0	390	272	451	384	0	0
400	283	0	355	384	0	355	0	0	0	0	411	0	272	0	384	272	384	0	400	0	283	400	0	283	411	0	0	0	0	390	272	451	384	0	0
400	283	0	355	384	0	355	0	0	0	0	411	0	272	0	384	272	384	0	400	0	283	400	0	283	411	0	0	0	0	390	272	451	384	0	0
0	271	0	262	0	0	0	0	0	256	0	405	0	256	0	0	262	377	0	0	268	271	268	0	271	405	0	0	0	0	271	0	449	271	0	0
0	271	0	262	0	0	0	0	0	256	0	405	0	256	0	0	262	377	0	0	268	271	268	0	271	405	0	0	0	0	271	0	449	271	0	0
0	271	0	262	0	0	0	0	0	256	0	405	0	256	0	0	262	377	0	0	268	271	268	0	271	405	0	0	0	0	271	0	449	271	0	0
0	271	0	262	0	0	0	0	0	256	0	405	0	256	0	0	262	377	0	0	268	271	268	0	271	405	0	0	0	0	271	0	449	271	0	0
0	271	0	262	0	0	0	0	0	256	0	405	0	256	0	0	262	377	0	0	268	271	268	0	271	405	0	0	0	0	271	0	449	271	0	0
0	271	0	262	0	0	0	0	0	256	0	405	0	256	0	0	262	377	0	0	268	271	268	0	271	405	0	0	0	0	271	0	449	271	0	0
0	255	481	0	343	481	0	0	0	0	0	0	0	254	0	0	254	343	0	0	255	0	0	0	0	382	0	0	0	0	0	254	416	0	0	0
0	255	481	0	343	481	0	0	0	0	0	0	0	254	0	0	254	343	0	0	255	0	0	0	0	382	0	0	0	0	0	254	416	0	0	0
0	255	481	0	343	481	0	0	0	0	0	0	0	254	0	0	254	343	0	0	255	0	0	0	0	382	0	0	0	0	0	254	416	0	0	0
0	255	481	0	343	481	0	0	0	0	0	0	0	254	0	0	254	343	0	0	255	0	0	0	0	382	0	0	0	0	0	254	416	0	0	0
0	255	481	0	343	481	0	0	0	0	0	0	0	254	0	0	254	343	0	0	255	0	0	0	0	382	0	0	0	0	0	254	416	0	0	0
0	255	481	0	343	481	0	0	0	0	0	0	0	254	0	0	254	343	0	0	255	0	0	0	0	382	0	0	0	0	0	254	416	0	0	0
0	0	455	0	0	455	0	374	455	0	0	0	0	0	465	374	250	341	447	404	250	447	404	378	447	378	465	0	352	0	447	0	352	0	455	0
0	0	455	0	0	455	0	374	455	0	0	0	0	0	465	374	250	341	447	404	250	447	404	378	447	378	465	0	352	0	447	0	352	0	455	0
0	0	455	0	0	455	0	374	455	0	0	0	0	0	465	374	250	341	447	404	250	447	404	378	447	378	465	0	352	0	447	0	352	0	455	0
0	0	455	0	0	455	0	374	455	0	0	0	0	0	465	374	250	341	447	404	250	447	404	378	447	378	465	0	352	0	447	0	352	0	455	0
0	0	455	0	0	455	0	374	455	0	0	0	0	0	465	374	250	341	447	404	250	447	404	378	447	378	465	0	352	0	447	0	352	0	455	0
0	0	455	0	0	455	0	374	455	0	0	0	0	0	465	374	250	341	447	404	250	447	404	378	447	378	465	0	352	0	447	0	352	0	455	0
0	439	439	0	0	0	0	0	0	0	0	0	342	409	0	332	247	332	379	379	0	422	0	342	0	342	430	409	299	0	409	409	0	0	0	0
0	439	439	0	0	0	0	0	0	0	0	0	342	409	0	332	247	332	379	379	0	422	0	342	0	342	430	409	299	0	409	409	0	0	0	0
0	439	439	0	0	0	0	0	0	0	0	0	342	409	0	332	247	332	379	379	0	422	0	342	0	342	430	409	299	0	409	409	0	0	0	0
0	439	439	0	0	0	0	0	0	0	0	0	342	409	0	332	247	332	379	379	0	422	0	342	0	342	430	409	299	0	409	409	0	0	0	0
0	439	439	0	0	0	0	0	0	0	0	0	342	409	0	332	247	332	379	379	0	422	0	342	0	342	430	409	299	0	409	409	0	0	0	0
0	439	439	0	0	0	0	0	0	0	0	0	342	409	0	332	247	332	379	379	0	422	0	342	0	342	430	409	299	0	409	409	0	0	0	0
0	365	365	0	0	0	0	0	0	459	0	0	318	350	420	0	243	331	350	0	243	365	243	0	0	0	420	0	287	0	0	0	287	0	0	0
0	365	365	0	0	0	0	0	0	459	0	0	318	350	420	0	243	331	350	0	243	365	243	0	0	0	420	0	287	0	0	0	287	0	0	0
0	365	365	0	0	0	0	0	0	459	0	0	318	350	420	0	243	331	350	0	243	365	243	0	0	0	420	0	287	0	0	0	287	0	0	0
0	365	365	0	0	0	0	0	0	459	0	0	318	350	420	0	243	331	350	0	243	365	243	0	0	0	420	0	287	0	0	0	287	0	0	0
0	365	365	0	0	0	0	0	0	459	0	0	318	350	420	0	243	331	350	0	243	365	243	0	0	0	420	0	287	0	0	0	287	0	0	0
0	365	365	0	0	0	0	0	0	459	0	0	318	350	420	0	243	331	350	0	243	365	243	0	0	0	420	0	287	0	0	0	287	0	0	0
0	0	0	484	298	0	0	0	0	351	0	470	316	0	351	0	0	298	344	0	233	344	233	0	344	316	0	351	233	0	0	470	0	0	0	0
0	0	0	484	298	0	0	0	0	351	0	470	316	0	351	0	0	298	344	0	233	344	233	0	344	316	0	351	233	0	0	470	0	0	0	0
0	0	0	484	298	0	0	0	0	351	0	470	316	0	351	0	0	298	344	0	233	344	233	0	344	316	0	351	233	0	0	470	0	0	0	0
0	0	0	484	298	0	0	0	0	351	0	470	316	0	351	0	0	298	344	0	233	344	233	0	344	316	0	351	233	0	0	470	0	0	0	0
0	0	0	484	298	0	0	0	0	351	0	470	316	0	351	0	0	298	344	0	233	344	233	0	344	316	0	351	233	0	0	470	0	0	0	0
0	0	0	484	298	0	0	0	0	351	0	470	316	0	351	0	0	298	344	0	233	344	233	0	344	316	0	351	233	0	0	470	0	0	0	0
0	314	314	381	0	0	0	354	0	313	0	0	294	313	0	301	381	231	313	367	231	0	0	0	0	294	0	0	0	0	446	446	487	0	0	487
0	314	314	381	0	0	0	354	0	313	0	0	294	313	0	301	381	231	313	367	231	0	0	0	0	294	0	0	0	0	446	446	487	0	0	487
0	314	314	381	0	0	0	354	0	313	0	0	294	313	0	301	381	231	313	367	231	0	0	0	0	294	0	0	0	0	446	446	487	0	0	487
0	314	314	381	0	0	0	354	0	313	0	0	294	313	0	301	381	231	313	367	231	0	0	0	0	294	0	0	0	0	446	446	487	0	0	487
0	314	314	381	0	0	0	354	0	313	0	0	294	313	0	301	381	231	313	367	231	0	0	0	0	294	0	0	0	0	446	446	487	0	0	487
0	314	314	381	0	0	0	354	0	313	0	0	294	313	0	301	381	231	313	367	231	0	0	0	0	294	0	0	0	0	446	446	487	0	0	487
0	286	286	0	0	0	0	293	0	0	0	0	0	288	0	293	369	0	0	356	230	286	230	0	286	288	0	0	0	0	0	414	0	0	0	389
0	286	286	0	0	0	0	293	0	0	0	0	0	288	0	293	369	0	0	356	230	286	230	0	286	288	0	0	0	0	0	414	0	0	0	389
0	286	286	0	0	0	0	293	0	0	0	0	0	288	0	293	369	0	0	356	230	286	230	0	286	288	0	0	0	0	0	414	0	0	0	389
0	286	286	0	0	0	0	293	0	0	0	0	0	288	0	293	369	0	0	356	230	286	230	0	286	288	0	0	0	0	0	414	0	0	0	389
0	286	286	0	0	0	0	293	0	0	0	0	0	288	0	293	369	0	0	356	230	286	230	0	286	288	0	0	0	0	0	414	0	0	0	389
0	286	286	0	0	0	0	293	0	0	0	0	0	288	0	293	369	0	0	356	230	286	230	0	286	288	0	0	0	0	0	414	0	0	0	389
0	223	0	339	0	0	0	274	0	0	0	317	0	240	0	0	339	223	0	311	223	0	0	0	0	0	0	334	0	443	334	317	0	482	482	335
0	223	0	339	0	0	0	274	0	0	0	317	0	240	0	0	339	223	0	311	223	0	0	0	0	0	0	334	0	443	334	317	0	482	482	335
0	223	0	339	0	0	0	274	0	0	0	317	0	240	0	0	339	223	0	311	223	0	0	0	0	0	0	334	0	443	334	317	0	482	482	335
0	223	0	339	0	0	0	274	0	0	0	317	0	240	0	0	339	223	0	311	223	0	0	0	0	0	0	334	0	443	334	317	0	482	482	335
0	223	0	339	0	0	0	274	0	0	0	317	0	240	0	0	339	223	0	311	223	0	0	0	0	0	0	334	0	443	334	317	0	482	482	335
0	223	0	339	0	0	0	274	0	0	0	317	0	240	0	0	339	223	0	311	223	0	0	0	0	0	0	334	0	443	334	317	0	482	482	335
0	221	221	315	0	464	0	266	464	494	0	0	269	234	0	494	315	0	234	234	0	232	500	0	0	269	500	0	471	326	235	291	471	0	464	291
0	221	221	315	0	464	0	266	464	494	0	0	269	234	0	494	315	0	234	234	0	232	500	0	0	269	500	0	471	326	235	291	471	0	464	291
0	221	221	315	0	464	0	266	464	494	0	0	269	234	0	494	315	0	234	234	0	232	500	0	0	269	500	0	471	326	235	291	471	0	464	291
0	221	221	315	0	464	0	266	464	494	0	0	269	234	0	494	315	0	234	234	0	232	500	0	0	269	500	0	471	326	235	291	471	0	464	291
0	221	221	315	0	464	0	266	464	494	0	0	269	234	0	494	315	0	234	234	0	232	500	0	0	269	500	0	471	326	235	291	471	0	464	291
0	221	221	315	0	464	0	266	464	494	0	0	269	234	0	494	315	0	234	234	0	232	500	0	0	269	500	0	471	326	235	291	471	0	464	291
0	206	206	295	0	206	0	241	0	259	0	225	261	207	241	259	295	0	207	0	0	213	226	0	213	261	0	0	226	277	213	225	277	213	0	244
0	206	206	295	0	206	0	241	0	259	0	225	261	207	241	259	295	0	207	0	0	213	226	0	213	261	0	0	226	277	213	225	277	213	0	244
0	206	206	295	0	206	0	241	0	259	0	225	261	207	241	259	295	0	207	0	0	213	226	0	213	261	0	0	226	277	213	225	277	213	0	244
0	206	206	295	0	206	0	241	0	259	0	225	261	207	241	259	295	0	207	0	0	213	226	0	213	261	0	0	226	277	213	225	277	213	0	244
0	206	206	295	0	206	0	241	0	259	0	225	261	207	241	259	295	0	207	0	0	213	226	0	213	261	0	0	226	277	213	225	277	213	0	244
0	206	206	295	0	206	0	241	0	259	0	225	261	207	241	259	295	0	207	0	0	213	226	0	213	261	0	0	226	277	213	225	277	213	0	244
0	203	203	0	0	0	0	0	0	237	0	0	0	195	237	0	215	0	0	0	215	203	215	217	0	217	499	237	0	270	0	204	270	0	0	204
0	203	203	0	0	0	0	0	0	237	0	0	0	195	237	0	215	0	0	0	215	203	215	217	0	217	499	237	0	270	0	204	270	0	0	204
0	203	203	0	0	0	0	0	0	237	0	0	0	195	237	0	215	0	0	0	215	203	215	217	0	217	499	237	0	270	0	204	270	0	0	204
0	203	203	0	0	498	0	0	498	237	0	0	0	195	237	0	215	0	0	0	215	203	215	217	498	217	499	237	0	270	498	204	270	498	498	204
0	203	203	0	0	498	0	0	498	237	0	0	0	195	237	0	215	0	0	0	215	203	215	217	498	217	499	237	0	270	498	204	270	498	498	204
0	203	203	0	0	498	0	0	498	237	0	0	0	195	237	0	215	0	0	0	215	203	215	217	498	217	499	237	0	270	498	204	270	498	498	204
0	202	0	0	426	498	345	222	498	236	345	0	201	192	236	0	192	426	0	0	0	202	0	202	498	201	493	236	0	201	498	192	0	498	498	0
0	202	0	0	426	498	345	222	498	236	345	0	201	192	236	0	192	426	0	0	0	202	0	202	498	201	493	236	0	201	498	192	0	498	498	0
0	202	0	0	426	498	345	222	498	236	345	0	201	192	236	0	192	426	0	0	0	202	0	202	498	201	493	236	0	201	498	192	0	498	498	0
463	202	0	463	426	0	345	222	0	236	345	0	201	192	236	0	192	426	463	463	0	202	0	202	492	201	493	236	0	201	0	192	0	0	0	0
463	202	0	463	426	0	345	222	0	236	345	0	201	192	236	0	192	426	463	463	0	202	0	202	492	201	493	236	0	201	0	192	0	0	0	0
463	202	0	463	426	0	345	222	0	236	345	0	201	192	236	0	192	426	463	463	0	202	0	202	492	201	493	236	0	201	0	192	0	0	0	0
463	0	0	463	0	0	292	214	0	0	292	0	0	0	214	395	0	395	463	463	386	0	386	184	492	184	479	0	219	0	467	188	219	467	0	0
463	0	0	463	0	0	292	214	0	0	292	0	0	0	214	395	0	395	463	463	386	0	386	184	492	184	479	0	219	0	467	188	219	467	0	0
463	0	0	463	0	0	292	214	0	0	292	0	0	0	214	395	0	395	463	463	386	0	386	184	492	184	479	0	219	0	467	188	219	467	0	0
450	0	476	0	450	476	292	214	0	0	292	476	0	0	214	395	0	395	450	0	386	450	386	184	450	184	479	0	219	0	467	188	219	467	0	0
450	0	476	0	450	476	292	214	0	0	292	476	0	0	214	395	0	395	450	0	386	450	386	184	450	184	479	0	219	0	467	188	219	467	0	0
450	0	476	0	450	476	292	214	0	0	292	476	0	0	214	395	0	395	450	0	386	450	386	184	450	184	479	0	219	0	467	188	219	467	0	0
450	359	476	0	450	476	263	0	0	0	263	476	180	177	199	0	177	359	450	194	359	450	194	0	450	177	194	210	200	0	210	180	200	210	0	200
450	359	476	0	450	476	263	0	0	0	263	476	180	177	199	0	177	359	450	194	359	450	194	0	450	177	194	210	200	0	210	180	200	210	0	200
450	359	476	0	450	476	263	0	0	0	263	476	180	177	199	0	177	359	450	194	359	450	194	0	450	177	194	210	200	0	210	180	200	210	0	200
450	359	474	0	450	474	263	0	474	0	263	0	180	177	199	0	177	359	450	194	359	450	194	0	450	177	194	210	200	0	210	180	200	210	474	200
450	359	474	0	450	474	263	0	474	0	263	0	180	177	199	0	177	359	450	194	359	450	194	0	450	177	194	210	200	0	210	180	200	210	474	200
450	359	474	0	450	474	263	0	474	0	263	0	180	177	199	0	177	359	450	194	359	450	194	0	450	177	194	210	200	0	210	180	200	210	474	200
0	0	474	0	0	474	224	190	474	0	0	0	0	176	190	0	176	0	442	0	191	442	191	0	0	171	0	190	193	171	0	176	193	0	474	193
0	0	474	0	0	474	224	190	474	0	0	0	0	176	190	0	176	0	442	0	191	442	191	0	0	171	0	190	193	171	0	176	193	0	474	193
0	0	474	0	0	474	224	190	474	0	0	0	0	176	190	0	176	0	442	0	191	442	191	0	0	171	0	190	193	171	0	176	193	0	474	193
0	0	474	0	0	474	224	190	474	0	0	440	0	176	190	0	176	440	442	0	191	442	191	0	0	171	0	190	193	171	0	176	193	0	474	193
0	0	474	0	0	474	224	190	474	0	0	440	0	176	190	0	176	440	442	0	191	442	191	0	0	171	0	190	193	171	0	176	193	0	474	193
0	0	474	0	0	474	224	190	474	0	0	440	0	176	190	0	176	440	442	0	191	442	191	0	0	171	0	190	193	171	0	176	193	0	474	193
0	394	394	220	0	0	220	189	0	179	0	440	0	175	189	0	175	440	424	0	0	394	174	0	394	167	189	0	174	167	0	175	0	0	0	175
0	394	394	220	0	0	220	189	0	179	0	440	0	175	189	0	175	440	424	0	0	394	174	0	394	167	189	0	174	167	0	175	0	0	0	175
0	394	394	220	0	0	220	189	0	179	0	440	0	175	189	0	175	440	424	0	0	394	174	0	394	167	189	0	174	167	0	175	0	0	0	175
0	394	394	220	435	435	220	189	0	179	0	435	0	175	189	0	175	0	424	0	0	394	174	0	394	167	189	0	174	167	0	175	0	0	0	175
0	394	394	220	435	435	220	189	0	179	0	435	0	175	189	0	175	0	424	0	0	394	174	0	394	167	189	0	174	167	0	175	0	0	0	175
0	394	394	220	435	435	220	189	0	179	0	435	0	175	189	0	175	0	424	0	0	394	174	0	394	167	189	0	174	167	0	175	0	0	0	175
0	285	0	187	435	435	187	0	0	163	0	435	0	164	0	0	0	285	164	164	285	0	173	0	0	0	173	0	0	147	0	0	147	0	0	147
0	285	0	187	435	435	187	0	0	163	0	435	0	164	0	0	0	285	164	164	285	0	173	0	0	0	173	0	0	147	0	0	147	0	0	147
0	285	0	187	435	435	187	0	0	163	0	435	0	164	0	0	0	285	164	164	285	0	173	0	0	0	173	0	0	147	0	0	147	0	0	147
0	285	0	187	429	429	187	0	429	163	0	0	0	164	0	460	0	285	164	164	285	0	173	0	486	0	173	0	0	147	486	486	147	460	429	147
0	285	0	187	429	429	187	0	429	163	0	0	0	164	0	460	0	285	164	164	285	0	173	0	486	0	173	0	0	147	486	486	147	460	429	147
0	285	0	187	429	429	187	0	429	163	0	0	0	164	0	460	0	285	164	164	285	0	173	0	486	0	173	0	0	147	486	486	147	460	429	147
0	186	0	168	429	429	0	0	429	161	0	0	428	161	0	460	168	0	0	0	0	428	172	428	486	428	172	0	146	0	486	486	146	460	429	0
0	186	0	168	429	429	0	0	429	161	0	0	428	161	0	460	168	0	0	0	0	428	172	428	486	428	172	0	146	0	486	486	146	460	429	0
0	186	0	168	429	429	0	0	429	161	0	0	428	161	0	460	168	0	0	0	0	428	172	428	486	428	172	0	146	0	486	486	146	460	429	0
0	186	0	168	309	0	0	0	0	161	0	444	428	161	0	448	168	444	0	0	0	428	172	428	385	428	172	0	146	0	0	0	146	0	0	0
0	186	0	168	309	0	0	0	0	161	0	444	428	161	0	448	168	444	0	0	0	428	172	428	385	428	172	0	146	0	0	0	146	0	0	0
0	186	0	168	309	0	0	0	0	161	0	444	428	161	0	448	168	444	0	0	0	428	172	428	385	428	172	0	146	0	0	0	146	0	0	0
0	143	0	0	309	0	0	0	0	0	0	444	0	159	0	448	144	444	0	140	143	0	140	0	385	159	0	0	140	0	0	142	0	0	0	142
0	143	0	0	309	0	0	0	0	0	0	444	0	159	0	448	144	444	0	140	143	0	140	0	385	159	0	0	140	0	0	142	0	0	0	142
0	143	0	0	309	0	0	0	0	0	0	444	0	159	0	448	144	444	0	140	143	0	140	0	385	159	0	0	140	0	0	142	0	0	0	142
0	143	496	0	273	0	0	402	0	0	0	0	412	159	0	402	144	412	0	140	143	383	140	0	383	159	0	0	140	0	0	142	0	0	0	142
0	143	496	0	273	0	0	402	0	0	0	0	412	159	0	402	144	412	0	140	143	383	140	0	383	159	0	0	140	0	0	142	0	0	0	142
0	143	496	0	273	0	0	402	0	0	0	0	412	159	0	402	144	412	0	140	143	383	140	0	383	159	0	0	140	0	0	142	0	0	0	142
0	0	496	0	273	0	0	402	0	152	0	0	412	152	0	402	139	412	0	0	139	383	139	0	383	0	0	0	139	0	0	138	0	0	0	138
0	0	496	0	273	0	0	402	0	152	0	0	412	152	0	402	139	412	0	0	139	383	139	0	383	0	0	0	139	0	0	138	0	0	0	138
0	0	496	0	273	0	0	402	0	152	0	0	412	152	0	402	139	412	0	0	139	383	139	0	383	0	0	0	139	0	0	138	0	0	0	138
0	336	336	0	264	477	0	0	477	152	0	0	0	152	0	264	139	264	0	0	139	336	139	0	336	0	0	0	139	0	477	138	0	477	477	138
0	336	336	0	264	477	0	0	477	152	0	0	0	152	0	264	139	264	0	0	139	336	139	0	336	0	0	0	139	0	477	138	0	477	477	138
0	336	336	0	264	477	0	0	477	152	0	0	0	152	0	264	139	264	0	0	139	336	139	0	336	0	0	0	139	0	477	138	0	477	477	138
480	336	336	480	264	477	0	0	477	0	0	423	0	135	0	264	135	264	480	480	0	336	0	0	336	423	0	0	0	423	477	135	0	477	477	0
480	336	336	480	264	477	0	0	477	0	0	423	0	135	0	264	135	264	480	480	0	336	0	0	336	423	0	0	0	423	477	135	0	477	477	0
480	336	336	480	264	477	0	0	477	0	0	423	0	135	0	264	135	264	480	480	0	336	0	0	336	423	0	0	0	423	477	135	0	477	477	0
480	0	0	480	249	0	0	0	0	0	0	423	0	135	0	249	135	249	480	480	0	0	0	0	324	423	0	0	0	423	324	135	0	324	0	0
480	0	0	480	249	0	0	0	0	0	0	423	0	135	0	249	135	249	480	480	0	0	0	0	324	423	0	0	0	423	324	135	0	324	0	0
480	0	0	480	249	0	0	0	0	0	0	423	0	135	0	249	135	249	480	480	0	0	0	0	324	423	0	0	0	423	324	135	0	324	0	0
408	453	0	130	249	421	0	0	0	0	0	421	376	0	0	249	130	249	0	408	130	453	408	421	324	421	0	0	408	0	324	0	408	324	0	0
408	453	0	130	249	421	0	0	0	0	0	421	376	0	0	249	130	249	0	408	130	453	408	421	324	421	0	0	408	0	324	0	408	324	0	0
408	453	0	130	249	421	0	0	0	0	0	421	376	0	0	249	130	249	0	408	130	453	408	421	324	421	0	0	408	0	324	0	408	324	0	0
408	453	0	130	0	421	0	0	0	0	0	421	376	0	466	246	130	246	0	408	130	453	408	421	322	421	0	0	408	0	322	0	408	0	0	0
408	453	0	130	0	421	0	0	0	0	0	421	376	0	466	246	130	246	0	408	130	453	408	421	322	421	0	0	408	0	322	0	408	0	0	0
408	453	0	130	0	421	0	0	0	0	0	421	376	0	466	246	130	246	0	408	130	453	408	421	322	421	0	0	408	0	322	0	408	0	0	0
0	410	410	0	0	410	0	0	0	0	0	0	363	393	466	246	0	246	0	371	127	0	371	393	322	393	0	0	371	0	322	0	371	0	0	371
0	410	410	0	0	410	0	0	0	0	0	0	363	393	466	246	0	246	0	371	127	0	371	393	322	393	0	0	371	0	322	0	371	0	0	371
0	410	410	0	0	410	0	0	0	0	0	0	363	393	466	246	0	246	0	371	127	0	371	393	322	393	0	0	371	0	322	0	371	0	0	371
0	410	410	0	238	410	0	0	0	0	0	0	363	393	433	238	0	238	380	371	127	310	371	393	310	393	433	0	371	0	310	0	371	0	0	371
0	410	410	0	238	410	0	0	0	0	0	0	363	393	433	238	0	238	380	371	127	310	371	393	310	393	433	0	371	0	310	0	371	0	0	371
0	410	410	0	238	410	0	0	0	0	0	0	363	393	433	238	0	238	380	371	127	310	371	393	310	393	433	0	371	0	310	0	371	0	0	371
0	124	0	0	238	0	0	0	0	0	0	0	349	338	433	238	338	238	380	370	124	310	370	349	310	349	433	0	0	0	310	338	0	0	0	338
0	124	0	0	238	0	0	0	0	0	0	0	349	338	433	238	338	238	380	370	124	310	370	349	310	349	433	0	0	0	310	338	0	0	0	338
0	124	0	0	238	0	0	0	0	0	0	0	349	338	433	238	338	238	380	370	124	310	370	349	310	349	433	0	0	0	310	338	0	0	0	338
0	124	0	0	0	0	0	0	0	432	0	0	349	338	432	229	338	0	296	370	124	296	370	349	296	349	0	432	0	0	0	338	0	0	0	338
0	124	0	0	0	0	0	0	0	432	0	0	349	338	432	229	338	0	296	370	124	296	370	349	296	349	0	432	0	0	0	338	0	0	0	338
0	124	0	0	0	0	0	0	0	432	0	0	349	338	432	229	338	0	296	370	124	296	370	349	296	349	0	432	0	0	0	338	0	0	0	338
0	0	0	0	0	0	0	0	0	432	0	0	265	319	432	229	319	265	296	0	121	296	368	0	296	0	0	432	368	0	0	319	0	0	0	0
0	0	0	0	0	0	0	0	0	432	0	0	265	319	432	229	319	265	296	0	121	296	368	0	296	0	0	432	368	0	0	319	0	0	0	0
0	0	0	0	0	0	0	0	0	432	0	0	265	319	432	229	319	265	296	0	121	296	368	0	296	0	0	432	368	0	0	319	0	0	0	0
0	239	0	0	472	472	0	0	0	0	0	472	265	319	0	208	319	265	0	0	121	239	368	0	239	0	0	307	368	0	307	319	0	208	0	0
0	239	0	0	472	472	0	0	0	0	0	472	265	319	0	208	319	265	0	0	121	239	368	0	239	0	0	307	368	0	307	319	0	208	0	0
0	239	0	0	472	472	0	0	0	0	0	472	265	319	0	208	319	265	0	0	121	239	368	0	239	0	0	307	368	0	307	319	0	208	0	0
0	239	0	120	472	472	0	0	0	330	0	472	260	131	330	208	120	260	131	0	120	239	0	0	239	398	330	307	360	398	307	0	360	208	0	360
0	239	0	120	472	472	0	0	0	330	0	472	260	131	330	208	120	260	131	0	120	239	0	0	239	398	330	307	360	398	307	0	360	208	0	360
0	239	0	120	472	472	0	0	0	330	0	472	260	131	330	208	120	260	131	0	120	239	0	0	239	398	330	307	360	398	307	0	360	208	0	360
0	0	0	120	472	472	0	0	0	330	0	472	260	131	330	0	120	260	131	0	120	0	0	0	205	398	330	0	360	398	205	0	360	205	0	360
0	0	0	120	472	472	0	0	0	330	0	472	260	131	330	0	120	260	131	0	120	0	0	0	205	398	330	0	360	398	205	0	360	205	0	360
0	0	0	120	472	472	0	0	0	330	0	472	260	131	330	0	120	260	131	0	120	0	0	0	205	398	330	0	360	398	205	0	360	205	0	360
0	0	0	0	181	0	0	0	0	0	0	0	0	119	181	0	119	181	0	346	0	0	346	0	205	119	0	0	348	0	205	0	348	205	0	348
0	0	0	0	181	0	0	0	0	0	0	0	0	119	181	0	119	181	0	346	0	0	346	0	205	119	0	0	348	0	205	0	348	205	0	348
0	0	0	0	181	0	0	0	0	0	0	0	0	119	181	0	119	181	0	346	0	0	346	0	205	119	0	0	348	0	205	0	348	205	0	348
0	373	452	0	181	452	0	0	452	0	0	0	0	119	181	0	119	181	0	346	373	0	346	0	198	119	0	0	348	0	198	0	348	0	0	348
0	373	452	0	181	452	0	0	452	0	0	0	0	119	181	0	119	181	0	346	373	0	346	0	198	119	0	0	348	0	198	0	348	0	0	348
0	373	452	0	181	452	0	0	452	0	0	0	0	119	181	0	119	181	0	346	373	0	346	0	198	119	0	0	348	0	198	0	348	0	0	348
0	373	452	0	169	452	0	0	452	0	0	115	118	0	0	169	0	169	0	0	373	0	340	115	198	115	0	0	340	0	198	0	340	169	0	0
0	373	452	0	169	452	0	0	452	0	0	115	118	0	0	169	0	169	0	0	373	0	340	115	198	115	0	0	340	0	198	0	340	169	0	0
0	373	452	0	169	452	0	0	452	0	0	115	118	0	0	169	0	169	0	0	373	0	340	115	198	115	0	0	340	0	198	0	340	169	0	0
0	196	0	0	169	403	0	0	403	0	0	115	118	0	0	169	0	169	0	0	0	196	340	115	196	115	0	0	340	0	196	0	340	169	0	0
0	196	0	0	169	403	0	0	403	0	0	115	118	0	0	169	0	169	0	0	0	196	340	115	196	115	0	0	340	0	196	0	340	169	0	0
0	196	0	0	169	403	0	0	403	0	0	115	118	0	0	169	0	169	0	0	0	196	340	115	196	115	0	0	340	0	196	0	340	169	0	0
0	196	0	0	149	403	0	0	403	0	0	0	112	406	251	0	357	149	406	308	357	196	308	0	196	112	251	0	308	0	196	0	308	0	0	308
0	196	0	0	149	403	0	0	403	0	0	0	112	406	251	0	357	149	406	308	357	196	308	0	196	112	251	0	308	0	196	0	308	0	0	308
0	196	0	0	149	403	0	0	403	0	0	0	112	406	251	0	357	149	406	308	357	196	308	0	196	112	251	0	308	0	196	0	308	0	0	308
0	0	427	490	149	399	0	490	0	0	0	0	112	406	251	490	357	149	406	308	357	0	308	0	178	112	251	0	308	0	170	0	308	0	0	308
0	0	427	490	149	399	0	490	0	0	0	0	112	406	251	490	357	149	406	308	357	0	308	0	178	112	251	0	308	0	170	0	308	0	0	308
0	0	427	490	149	399	0	490	0	0	0	0	112	406	251	490	357	149	406	308	357	0	308	0	178	112	251	0	308	0	170	0	308	0	0	308
0	0	427	490	0	399	0	490	0	364	0	0	111	364	242	490	0	111	364	303	111	0	303	0	178	0	242	0	303	134	170	302	134	0	0	134
0	0	427	490	0	399	0	490	0	364	0	0	111	364	242	490	0	111	364	303	111	0	303	0	178	0	242	0	303	134	170	302	134	0	0	134
0	0	427	490	0	399	0	490	0	364	0	0	111	364	242	490	0	111	364	303	111	0	303	0	178	0	242	0	303	134	170	302	134	0	0	134
0	165	328	0	0	328	0	166	304	364	0	0	111	364	242	166	0	111	364	303	111	165	303	0	165	0	242	0	303	134	165	302	134	165	0	134
0	165	328	0	0	328	0	166	304	364	0	0	111	364	242	166	0	111	364	303	111	165	303	0	165	0	242	0	303	134	165	302	134	165	0	134
0	165	328	0	0	328	0	166	304	364	0	0	111	364	242	166	0	111	364	303	111	165	303	0	165	0	242	0	303	134	165	302	134	165	0	134
0	165	328	0	0	328	0	166	304	0	0	0	109	325	228	166	325	0	0	0	0	165	276	0	165	109	228	0	276	109	165	290	0	165	0	0
0	165	328	0	0	328	0	166	304	0	0	0	109	325	228	166	325	0	0	0	0	165	276	0	165	109	228	0	276	109	165	290	0	165	0	0
0	165	328	0	0	328	0	166	304	0	0	0	109	325	228	166	325	0	0	0	0	165	276	0	165	109	228	0	276	109	165	290	0	165	0	0
0	0	0	0	0	258	0	0	258	0	0	0	109	325	228	160	325	133	0	0	133	0	276	0	150	109	228	0	276	109	0	290	0	160	0	0
0	0	0	0	0	258	0	0	258	0	0	0	109	325	228	160	325	133	0	0	133	0	276	0	150	109	228	0	276	109	0	290	0	160	0	0
0	0	0	0	0	258	0	0	258	0	0	0	109	325	228	160	325	133	0	0	133	0	276	0	150	109	228	0	276	109	0	290	0	160	0	0
0	0	0	321	0	258	0	0	258	162	0	0	94	0	162	160	321	133	0	123	133	0	123	0	150	94	162	0	123	94	0	280	362	160	0	362
0	0	0	321	0	258	0	0	258	162	0	0	94	0	162	160	321	133	0	123	133	0	123	0	150	94	162	0	123	94	0	280	362	160	0	362
0	0	0	321	0	258	0	0	258	162	0	0	94	0	162	160	321	133	0	123	133	0	123	0	150	94	162	0	123	94	0	280	362	160	0	362
0	151	0	321	469	182	0	0	0	162	0	0	94	0	162	132	321	132	469	123	0	151	123	0	114	94	162	0	123	94	0	280	362	132	0	362
0	151	0	321	469	182	0	0	0	162	0	0	94	0	162	132	321	132	469	123	0	151	123	0	114	94	162	0	123	94	0	280	362	132	0	362
0	151	0	321	469	182	0	0	0	162	0	0	94	0	162	132	321	132	469	123	0	151	123	0	114	94	162	0	123	94	0	280	362	132	0	362
0	151	0	0	469	182	0	137	0	0	0	0	0	85	137	132	108	132	469	0	108	151	108	0	114	0	137	0	108	90	0	85	90	132	0	85
0	151	0	0	469	182	0	137	0	0	0	0	0	85	137	132	108	132	469	0	108	151	108	0	114	0	137	0	108	90	0	85	90	132	0	85
0	151	0	0	469	182	0	137	0	0	0	0	0	85	137	132	108	132	469	0	108	151	108	0	114	0	137	0	108	90	0	85	90	132	0	85
0	0	107	0	97	107	0	137	0	0	0	0	0	85	137	0	108	97	0	0	108	145	108	0	103	0	137	0	108	90	103	85	90	103	0	85
0	0	107	0	97	107	0	137	0	0	0	0	0	85	137	0	108	97	0	0	108	145	108	0	103	0	137	0	108	90	103	85	90	103	0	85
0	0	107	0	97	107	0	137	0	0	0	0	0	85	137	0	108	97	0	0	108	145	108	0	103	0	137	0	108	90	103	85	90	103	0	85
0	0	107	0	97	107	0	0	0	0	0	0	74	0	0	0	0	97	0	101	0	145	101	0	103	74	101	0	78	74	103	0	78	103	0	78
0	0	107	0	97	107	0	0	0	0	0	0	74	0	0	0	0	97	0	101	0	145	101	0	103	74	101	0	78	74	103	0	78	103	0	78
0	0	107	0	97	107	0	0	0	0	0	0	74	0	0	0	0	97	0	101	0	145	101	0	103	74	101	0	78	74	103	0	78	103	0	78
0	92	92	0	0	0	0	0	0	0	0	489	74	0	0	0	96	89	0	101	96	92	101	0	92	74	101	0	78	74	0	0	78	0	0	78
0	92	92	0	0	0	0	0	0	0	0	489	74	0	0	0	96	89	0	101	96	92	101	0	92	74	101	0	78	74	0	0	78	0	0	78
0	92	92	0	0	0	0	0	0	0	0	489	74	0	0	0	96	89	0	101	96	92	101	0	92	74	101	0	78	74	0	0	78	0	0	78
0	92	92	0	0	0	0	128	0	116	0	489	0	333	128	116	96	89	0	0	96	92	83	0	92	0	83	128	0	73	0	333	73	0	0	73
0	92	92	0	0	0	0	128	0	116	0	489	0	333	128	116	96	89	0	0	96	92	83	0	92	0	83	128	0	73	0	333	73	0	0	73
0	92	92	0	0	0	0	128	0	116	0	489	0	333	128	116	96	89	0	0	96	92	83	0	92	0	83	128	0	73	0	333	73	0	0	73
396	80	0	396	0	425	0	128	0	116	0	425	82	333	128	116	0	82	0	0	80	0	83	0	0	425	83	128	0	73	320	333	73	320	0	73
396	80	0	396	0	425	0	128	0	116	0	425	82	333	128	116	0	82	0	0	80	0	83	0	0	425	83	128	0	73	320	333	73	320	0	73
396	80	0	396	0	425	0	128	0	116	0	425	82	333	128	116	0	82	0	0	80	0	83	0	0	425	83	128	0	73	320	333	73	320	0	73
396	80	0	396	0	425	0	70	0	106	0	425	82	257	70	106	0	82	93	0	80	267	0	267	0	425	70	0	0	71	320	257	71	320	0	0
396	80	0	396	0	425	0	70	0	106	0	425	82	257	70	106	0	82	93	0	80	267	0	267	0	425	70	0	0	71	320	257	71	320	0	0
396	80	0	396	0	425	0	70	0	106	0	425	82	257	70	106	0	82	93	0	80	267	0	267	0	425	70	0	0	71	320	257	71	320	0	0
0	77	0	72	0	0	0	70	0	106	0	0	68	257	70	106	69	0	93	0	77	267	0	267	0	68	70	0	0	71	183	257	71	183	0	0
0	77	0	72	0	0	0	70	0	106	0	0	68	257	70	106	69	0	93	0	77	267	0	267	0	68	70	0	0	71	183	257	71	183	0	0
0	77	0	72	0	0	0	70	0	106	0	0	68	257	70	106	69	0	93	0	77	267	0	267	0	68	70	0	0	71	183	257	71	183	0	0
431	77	136	72	0	136	375	0	136	65	375	0	68	0	57	65	69	0	60	60	77	148	0	0	148	68	57	0	0	58	183	75	58	183	0	58
431	77	136	72	0	136	375	0	136	65	375	0	68	0	57	65	69	0	60	60	77	148	0	0	148	68	57	0	0	58	183	75	58	183	0	58
431	77	136	72	0	136	375	0	136	65	375	0	68	0	57	65	69	0	60	60	77	148	0	0	148	68	57	0	0	58	183	75	58	183	0	58
431	0	136	66	91	136	375	0	136	65	375	0	59	0	57	65	66	91	60	60	66	148	0	0	148	0	57	158	0	58	158	75	58	158	0	58
431	0	136	66	91	136	375	0	136	65	375	0	59	0	57	65	66	91	60	60	66	148	0	0	148	0	57	158	0	58	158	75	58	158	0	58
431	0	136	66	91	136	375	0	136	65	375	0	59	0	57	65	66	91	60	60	66	148	0	0	148	0	57	158	0	58	158	75	58	158	0	58
388	64	64	66	91	0	297	0	0	51	297	252	59	50	51	0	66	91	0	54	66	102	54	0	102	252	54	158	0	0	158	50	0	158	347	50
388	64	64	66	91	0	297	0	0	51	297	252	59	50	51	0	66	91	0	54	66	102	54	0	102	252	54	158	0	0	158	50	0	158	347	50
388	64	64	66	91	0	297	0	0	51	297	252	59	50	51	0	66	91	0	54	66	102	54	0	102	252	54	158	0	0	158	50	0	158	347	50
388	64	64	0	0	0	297	0	0	51	297	252	47	50	51	0	0	47	0	54	47	102	54	0	102	252	54	0	0	0	129	50	0	129	347	50
388	64	64	0	0	0	297	0	0	51	297	252	47	50	51	0	0	47	0	54	47	102	54	0	102	252	54	0	0	0	129	50	0	129	347	50
388	64	64	0	0	0	297	0	0	51	297	252	47	50	51	0	0	47	0	54	47	102	54	0	102	252	54	0	0	0	129	50	0	129	347	50
197	63	63	197	0	0	197	33	216	0	0	227	47	40	33	0	0	47	0	49	47	63	49	0	63	227	0	0	49	227	129	40	49	129	216	49
197	63	63	197	0	0	197	33	216	0	0	227	47	40	33	0	0	47	0	49	47	63	49	0	63	227	0	0	49	227	129	40	49	129	216	49
197	63	63	197	0	0	197	33	216	0	0	227	47	40	33	0	0	47	0	49	47	63	49	0	63	227	0	0	49	227	129	40	49	129	216	49
197	63	63	197	43	0	197	33	216	0	0	227	0	40	33	43	0	43	0	49	0	63	49	0	63	227	0	125	49	227	125	40	49	125	216	49
197	63	63	197	43	0	197	33	216	0	0	227	0	40	33	43	0	43	0	49	0	63	49	0	63	227	0	125	49	227	125	40	49	125	216	49
197	63	63	197	43	0	197	33	216	0	0	227	0	40	33	43	0	43	0	49	0	63	49	0	63	227	0	125	49	227	125	40	49	125	216	49
156	62	62	0	43	154	0	31	154	126	491	0	155	29	31	43	0	43	0	0	0	62	0	0	62	155	0	125	45	0	125	29	45	125	0	0
156	62	62	0	43	154	0	31	154	126	491	0	155	29	31	43	0	43	0	0	0	62	0	0	62	155	0	125	45	0	125	29	45	125	0	0
156	62	62	0	43	154	0	31	154	126	491	0	155	29	31	43	0	43	0	0	0	62	0	0	62	155	0	125	45	0	125	29	45	125	0	0
156	62	62	0	36	154	0	31	154	126	491	0	155	29	31	36	0	36	0	0	0	62	0	0	62	155	0	0	45	0	0	29	45	36	0	0
156	62	62	0	36	154	0	31	154	126	491	0	155	29	31	36	0	36	0	0	0	62	0	0	62	155	0	0	45	0	0	29	45	36	0	0
156	62	62	0	36	154	0	31	154	126	491	0	155	29	31	36	0	36	0	0	0	62	0	0	62	155	0	0	45	0	0	29	45	36	0	0
122	44	0	122	36	0	122	30	110	117	211	61	0	20	30	36	358	36	0	245	44	55	0	0	0	61	30	0	27	275	0	20	0	36	0	20
122	44	0	122	36	0	122	30	110	117	211	61	0	20	30	36	358	36	0	245	44	55	0	0	0	61	30	0	27	275	0	20	0	36	0	20
122	44	0	122	36	0	122	30	110	117	211	61	0	20	30	36	358	36	0	245	44	55	0	0	0	61	30	0	27	275	0	20	0	36	0	20
122	44	0	122	36	0	122	30	110	117	211	61	0	20	30	36	358	36	0	245	44	55	0	0	0	61	30	0	27	275	0	20	0	36	0	20
122	44	0	122	36	0	122	30	110	117	211	61	0	20	30	36	358	36	0	245	44	55	0	0	0	61	30	0	27	275	0	20	0	36	0	20
122	44	0	122	36	0	122	30	110	117	211	61	0	20	30	36	358	36	0	245	44	55	0	0	0	61	30	0	27	275	0	20	0	36	0	20
79	0	305	0	0	86	0	0	100	22	88	0	39	13	22	0	13	19	34	212	19	34	23	495	113	39	0	0	23	253	113	0	253	0	100	0
79	0	305	0	0	86	0	0	100	22	88	0	39	13	22	0	13	19	34	212	19	34	23	495	113	39	0	0	23	253	113	0	253	0	100	0
79	0	305	0	0	86	0	0	100	22	88	0	39	13	22	0	13	19	34	212	19	34	23	495	113	39	0	0	23	253	113	0	253	0	100	0
79	0	305	0	0	86	0	0	100	22	88	0	39	13	22	0	13	19	34	212	19	34	23	495	113	39	0	0	23	253	113	0	253	0	100	0
79	0	305	0	0	86	0	0	100	22	88	0	39	13	22	0	13	19	34	212	19	34	23	495	113	39	0	0	23	253	113	0	253	0	100	0
79	0	305	0	0	86	0	0	100	22	88	0	39	13	22	0	13	19	34	212	19	34	23	495	113	39	0	0	23	253	113	0	253	0	100	0
76	28	81	0	218	81	99	104	24	8	87	16	15	8	14	104	0	15	0	95	0	28	0	438	28	0	14	0	10	248	28	16	10	337	0	10
76	28	81	0	218	81	99	104	24	8	87	16	15	8	14	104	0	15	0	95	0	28	0	438	28	0	14	0	10	248	28	16	10	337	0	10
76	28	81	0	218	81	99	104	24	8	87	16	15	8	14	104	0	15	0	95	0	28	0	438	28	0	14	0	10	248	28	16	10	337	0	10
76	28	81	0	218	81	99	104	24	8	87	16	15	8	14	104	0	15	0	95	0	28	0	438	28	0	14	0	10	248	28	16	10	337	0	10
76	28	81	0	218	81	99	104	24	8	87	16	15	8	14	104	0	15	0	95	0	28	0	438	28	0	14	0	10	248	28	16	10	337	0	10
76	28	81	0	218	81	99	104	24	8	87	16	15	8	14	104	0	15	0	95	0	28	0	438	28	0	14	0	10	248	28	16	10	337	0	10
56	0	67	56	11	12	84	52	12	5	84	0	0	2	11	5	2	11	18	18	98	26	0	209	26	153	0	366	0	153	0	2	0	105	157	2
56	0	67	56	11	12	84	52	12	5	84	0	0	2	11	5	2	11	18	18	98	26	0	209	26	153	0	366	0	153	0	2	0	105	157	2
56	0	67	56	11	12	84	52	12	5	84	0	0	2	11	5	2	11	18	18	98	26	0	209	26	153	0	366	0	153	0	2	0	105	157	2
56	0	67	56	11	12	84	52	12	5	84	0	0	2	11	5	2	11	18	18	98	26	0	209	26	153	0	366	0	153	0	2	0	105	157	2
56	0	67	56	11	12	84	52	12	5	84	0	0	2	11	5	2	11	18	18	98	26	0	209	26	153	0	366	0	153	0	2	0	105	157	2
56	0	67	56	11	12	84	52	12	5	84	0	0	2	11	5	2	11	18	18	98	26	0	209	26	153	0	366	0	153	0	2	0	105	157	2
25	7	7	0	9	7	0	38	0	4	41	37	35	0	4	0	0	0	0	3	48	0	17	53	6	37	185	32	21	42	46	1	21	46	141	1
25	7	7	0	9	7	0	38	0	4	41	37	35	0	4	0	0	0	0	3	48	0	17	53	6	37	185	32	21	42	46	1	21	46	141	1
25	7	7	0	9	7	0	38	0	4	41	37	35	0	4	0	0	0	0	3	48	0	17	53	6	37	185	32	21	42	46	1	21	46	141	1
25	7	7	0	9	7	0	38	0	4	41	37	35	0	4	0	0	0	0	3	48	0	17	53	6	37	185	32	21	42	46	1	21	46	141	1
25	7	7	0	9	7	0	38	0	4	41	37	35	0	4	0	0	0	0	3	48	0	17	53	6	37	185	32	21	42	46	1	21	46	141	1
25	7	7	0	9	7	0	38	0	4	41	37	35	0	4	0	0	0	0	3	48	0	17	53	6	37	185	32	21	42	46	1	21	46	141	1
