0	0	0	0	0	0	0	0	0	0	0	0	0	0	0	0	0	0	0	0	0	0	0	0	0	0	0	0	0	0	0	0	0	0	0	0	0	0	0	0	0	0	0	0	0	0	0	0	0	0	0	0	0	0	0	0	0	0	0	0	0	0	0	0	0	0	0	0	0	0	0	0	0	0	0	0	0	0	0	0	0	0	0	0
0	0	0	0	0	0	0	0	0	0	0	0	0	0	0	0	0	0	0	0	0	0	0	0	0	0	0	0	0	0	0	0	0	0	0	0	0	0	0	0	0	0	0	0	0	0	0	0	0	0	0	0	0	0	0	0	0	0	0	0	0	0	0	0	0	0	0	0	0	0	0	0	0	0	0	0	0	0	0	0	0	0	0	0
0	0	0	0	556	0	0	0	0	0	0	0	0	439	0	0	0	0	556	0	548	0	727	0	548	727	556	548	0	0	0	0	548	0	439	0	439	0	0	0	0	0	402	402	307	0	0	807	0	0	402	0	0	0	307	0	0	0	807	0	0	0	0	633	807	633	0	633	727	594	727	556	0	0	807	307	0	727	0	0	0	594	0	633
0	0	0	0	556	0	0	0	0	0	0	0	0	439	0	0	0	0	556	0	548	0	727	0	548	727	556	548	0	0	0	0	548	0	439	0	439	0	0	0	0	0	402	402	307	0	0	807	0	0	402	0	0	0	307	0	0	0	807	0	0	0	0	633	807	633	0	633	727	594	727	556	0	0	807	307	0	727	0	0	0	594	0	633
0	0	0	0	556	0	0	0	0	0	0	0	0	439	0	0	0	0	556	0	548	0	727	0	548	727	556	548	0	0	0	0	548	0	439	0	439	0	0	0	0	0	402	402	307	0	0	807	0	0	402	0	0	0	307	0	0	0	807	0	0	0	0	633	807	633	0	633	727	594	727	556	0	0	807	307	0	727	0	0	0	594	0	633
0	0	0	0	556	0	0	326	0	0	0	0	0	439	326	0	399	321	556	399	548	321	727	0	548	727	556	548	0	321	0	0	548	0	439	326	439	0	326	0	0	326	402	402	307	399	321	807	326	0	402	326	321	399	307	0	0	0	807	321	326	326	0	633	807	633	321	633	727	594	727	556	0	0	807	307	0	727	0	0	0	594	326	633
0	0	0	0	556	0	0	326	0	0	0	0	0	439	326	0	399	321	556	399	548	321	727	0	548	727	556	548	0	321	0	0	548	0	439	326	439	0	326	0	0	326	402	402	307	399	321	807	326	0	402	326	321	399	307	0	0	0	807	321	326	326	0	633	807	633	321	633	727	594	727	556	0	0	807	307	0	727	0	0	0	594	326	633
0	0	0	0	556	0	0	326	0	0	0	0	0	439	326	0	399	321	556	399	548	321	727	0	548	727	556	548	0	321	0	0	548	0	439	326	439	0	326	0	0	326	402	402	307	399	321	807	326	0	402	326	321	399	307	0	0	0	807	321	326	326	0	633	807	633	321	633	727	594	727	556	0	0	807	307	0	727	0	0	0	594	326	633
0	0	509	0	537	0	0	326	0	0	0	0	0	0	326	509	399	321	537	399	509	321	537	0	509	537	416	509	0	321	509	0	509	0	293	326	293	0	326	0	0	326	0	0	293	399	321	807	326	0	293	326	321	399	293	0	0	445	807	321	326	326	0	445	807	0	321	293	0	416	0	416	0	0	807	0	416	0	0	0	0	445	326	0
0	0	509	0	537	0	0	326	0	0	0	0	0	0	326	509	399	321	537	399	509	321	537	0	509	537	416	509	0	321	509	0	509	0	293	326	293	0	326	0	0	326	0	0	293	399	321	807	326	0	293	326	321	399	293	0	0	445	807	321	326	326	0	445	807	0	321	293	0	416	0	416	0	0	807	0	416	0	0	0	0	445	326	0
0	0	509	0	537	0	0	326	0	0	0	0	0	0	326	509	399	321	537	399	509	321	537	0	509	537	416	509	0	321	509	0	509	0	293	326	293	0	326	0	0	326	0	0	293	399	321	807	326	0	293	326	321	399	293	0	0	445	807	321	326	326	0	445	807	0	321	293	0	416	0	416	0	0	807	0	416	0	0	0	0	445	326	0
0	0	509	317	537	0	0	0	0	317	0	0	0	0	317	509	399	0	537	399	509	0	537	825	509	537	416	509	0	0	509	0	509	0	293	317	293	825	317	658	0	0	0	0	293	399	317	658	0	0	293	0	317	399	293	0	825	445	658	317	0	0	0	445	0	0	0	293	735	416	0	416	0	0	0	0	416	735	825	0	0	445	0	735
0	0	509	317	537	0	0	0	0	317	0	0	0	0	317	509	399	0	537	399	509	0	537	825	509	537	416	509	0	0	509	0	509	0	293	317	293	825	317	658	0	0	0	0	293	399	317	658	0	0	293	0	317	399	293	0	825	445	658	317	0	0	0	445	0	0	0	293	735	416	0	416	0	0	0	0	416	735	825	0	0	445	0	735
0	0	509	317	537	0	0	0	0	317	0	0	0	0	317	509	399	0	537	399	509	0	537	825	509	537	416	509	0	0	509	0	509	0	293	317	293	825	317	658	0	0	0	0	293	399	317	658	0	0	293	0	317	399	293	0	825	445	658	317	0	0	0	445	0	0	0	293	735	416	0	416	0	0	0	0	416	735	825	0	0	445	0	735
0	0	0	317	0	0	0	0	0	317	405	0	0	405	317	0	0	0	405	290	0	0	0	825	0	0	405	290	0	0	0	465	0	0	0	317	0	825	317	658	0	465	0	0	290	0	317	658	465	290	0	0	317	0	0	0	825	290	658	317	465	0	0	0	290	0	0	0	735	0	0	0	0	0	290	0	0	735	825	0	0	0	0	735
0	0	0	317	0	0	0	0	0	317	405	0	0	405	317	0	0	0	405	290	0	0	0	825	0	0	405	290	0	0	0	465	0	0	0	317	0	825	317	658	0	465	0	0	290	0	317	658	465	290	0	0	317	0	0	0	825	290	658	317	465	0	0	0	290	0	0	0	735	0	0	0	0	0	290	0	0	735	825	0	0	0	0	735
0	0	0	317	0	0	0	0	0	317	405	0	0	405	317	0	0	0	405	290	0	0	0	825	0	0	405	290	0	0	0	465	0	0	0	317	0	825	317	658	0	465	0	0	290	0	317	658	465	290	0	0	317	0	0	0	825	290	658	317	465	0	0	0	290	0	0	0	735	0	0	0	0	0	290	0	0	735	825	0	0	0	0	735
0	0	550	0	0	0	0	0	0	0	405	0	0	405	0	550	0	458	405	290	0	752	562	458	550	752	405	290	752	0	0	465	0	752	0	316	0	0	0	642	0	465	0	569	290	316	0	642	465	290	0	0	316	562	569	316	458	290	642	0	465	458	0	642	290	0	0	562	550	458	550	0	0	0	290	0	458	550	0	0	0	642	458	550
0	0	550	0	0	0	0	0	0	0	405	0	0	405	0	550	0	458	405	290	0	752	562	458	550	752	405	290	752	0	0	465	0	752	0	316	0	0	0	642	0	465	0	569	290	316	0	642	465	290	0	0	316	562	569	316	458	290	642	0	465	458	0	642	290	0	0	562	550	458	550	0	0	0	290	0	458	550	0	0	0	642	458	550
0	0	550	0	0	0	0	0	0	0	405	0	0	405	0	550	0	458	405	290	0	752	562	458	550	752	405	290	752	0	0	465	0	752	0	316	0	0	0	642	0	465	0	569	290	316	0	642	465	290	0	0	316	562	569	316	458	290	642	0	465	458	0	642	290	0	0	562	550	458	550	0	0	0	290	0	458	550	0	0	0	642	458	550
0	0	550	0	0	0	0	315	284	0	0	0	0	284	315	550	0	458	0	0	0	752	562	458	550	752	0	0	752	0	0	465	0	752	284	316	284	0	315	642	0	465	0	569	284	316	0	642	465	0	284	0	316	562	569	316	458	0	642	0	465	458	0	642	0	0	0	562	550	458	550	0	0	0	0	0	458	550	0	0	0	642	458	550
0	0	550	0	0	0	0	315	284	0	0	0	0	284	315	550	0	458	0	0	0	752	562	458	550	752	0	0	752	0	0	465	0	752	284	316	284	0	315	642	0	465	0	569	284	316	0	642	465	0	284	0	316	562	569	316	458	0	642	0	465	458	0	642	0	0	0	562	550	458	550	0	0	0	0	0	458	550	0	0	0	642	458	550
0	0	550	0	0	0	0	315	284	0	0	0	0	284	315	550	0	458	0	0	0	752	562	458	550	752	0	0	752	0	0	465	0	752	284	316	284	0	315	642	0	465	0	569	284	316	0	642	465	0	284	0	316	562	569	316	458	0	642	0	465	458	0	642	0	0	0	562	550	458	550	0	0	0	0	0	458	550	0	0	0	642	458	550
0	0	0	0	0	0	0	315	284	0	0	0	0	284	315	480	0	420	0	480	0	420	562	401	0	0	359	480	0	0	0	0	0	0	284	0	284	0	315	0	0	0	480	0	284	286	313	480	286	480	284	0	313	562	401	0	286	286	480	0	313	0	0	0	480	0	0	562	0	0	0	359	0	0	0	0	359	0	286	0	0	0	0	0
0	0	0	0	0	0	0	315	284	0	0	0	0	284	315	480	0	420	0	480	0	420	562	401	0	0	359	480	0	0	0	0	0	0	284	0	284	0	315	0	0	0	480	0	284	286	313	480	286	480	284	0	313	562	401	0	286	286	480	0	313	0	0	0	480	0	0	562	0	0	0	359	0	0	0	0	359	0	286	0	0	0	0	0
0	0	0	0	0	0	0	315	284	0	0	0	0	284	315	480	0	420	0	480	0	420	562	401	0	0	359	480	0	0	0	0	0	0	284	0	284	0	315	0	0	0	480	0	284	286	313	480	286	480	284	0	313	562	401	0	286	286	480	0	313	0	0	0	480	0	0	562	0	0	0	359	0	0	0	0	359	0	286	0	0	0	0	0
0	0	0	0	0	0	0	315	0	0	0	0	0	282	315	480	0	420	0	480	0	420	0	401	538	0	359	480	0	0	0	0	0	0	282	0	282	0	315	0	0	0	480	0	0	286	313	480	286	480	0	0	313	0	401	0	286	286	480	0	313	0	0	0	480	0	0	531	538	0	538	359	0	0	0	0	359	538	286	0	0	0	0	531
0	0	0	0	0	0	0	315	0	0	0	0	0	282	315	480	0	420	0	480	0	420	0	401	538	0	359	480	0	0	0	0	0	0	282	0	282	0	315	0	0	0	480	0	0	286	313	480	286	480	0	0	313	0	401	0	286	286	480	0	313	0	0	0	480	0	0	531	538	0	538	359	0	0	0	0	359	538	286	0	0	0	0	531
0	0	0	0	0	0	0	315	0	0	0	0	0	282	315	480	0	420	0	480	0	420	0	401	538	0	359	480	0	0	0	0	0	0	282	0	282	0	315	0	0	0	480	0	0	286	313	480	286	480	0	0	313	0	401	0	286	286	480	0	313	0	0	0	480	0	0	531	538	0	538	359	0	0	0	0	359	538	286	0	0	0	0	531
0	0	0	0	411	0	0	0	0	0	896	0	0	282	312	480	0	411	896	480	0	411	513	401	538	0	359	480	411	0	0	0	0	411	282	312	282	0	312	0	0	0	480	0	0	286	0	480	286	480	0	0	312	513	401	559	286	286	480	0	0	0	0	0	480	0	0	531	538	559	538	359	0	0	0	424	359	538	286	0	0	0	0	531
0	0	0	0	411	0	0	0	0	0	896	0	0	282	312	480	0	411	896	480	0	411	513	401	538	0	359	480	411	0	0	0	0	411	282	312	282	0	312	0	0	0	480	0	0	286	0	480	286	480	0	0	312	513	401	559	286	286	480	0	0	0	0	0	480	0	0	531	538	559	538	359	0	0	0	424	359	538	286	0	0	0	0	531
0	0	0	0	411	0	0	0	0	0	896	0	0	282	312	480	0	411	896	480	0	411	513	401	538	0	359	480	411	0	0	0	0	411	282	312	282	0	312	0	0	0	480	0	0	286	0	480	286	480	0	0	312	513	401	559	286	286	480	0	0	0	0	0	480	0	0	531	538	559	538	359	0	0	0	424	359	538	286	0	0	0	0	531
0	0	0	873	411	0	873	0	0	384	896	384	281	0	312	0	384	411	896	384	355	411	513	0	0	0	355	384	411	0	0	0	384	411	281	312	281	355	312	0	0	0	281	0	279	0	311	281	0	0	281	0	312	513	311	559	0	279	311	0	773	0	0	422	279	0	0	0	422	559	0	0	0	0	279	424	0	422	0	0	0	0	773	422
0	0	0	873	411	0	873	0	0	384	896	384	281	0	312	0	384	411	896	384	355	411	513	0	0	0	355	384	411	0	0	0	384	411	281	312	281	355	312	0	0	0	281	0	279	0	311	281	0	0	281	0	312	513	311	559	0	279	311	0	773	0	0	422	279	0	0	0	422	559	0	0	0	0	279	424	0	422	0	0	0	0	773	422
0	0	0	873	411	0	873	0	0	384	896	384	281	0	312	0	384	411	896	384	355	411	513	0	0	0	355	384	411	0	0	0	384	411	281	312	281	355	312	0	0	0	281	0	279	0	311	281	0	0	281	0	312	513	311	559	0	279	311	0	773	0	0	422	279	0	0	0	422	559	0	0	0	0	279	424	0	422	0	0	0	0	773	422
0	0	0	873	411	0	873	0	0	384	0	384	281	0	312	0	384	411	680	384	355	411	407	680	0	680	355	384	411	758	844	485	384	411	281	312	281	355	312	0	485	583	281	0	279	485	311	281	583	0	281	758	312	407	311	485	680	279	311	583	773	0	0	422	279	0	583	0	422	0	0	0	689	0	279	407	0	422	0	0	0	0	773	422
0	0	0	873	411	0	873	0	0	384	0	384	281	0	312	0	384	411	680	384	355	411	407	680	0	680	355	384	411	758	844	485	384	411	281	312	281	355	312	0	485	583	281	0	279	485	311	281	583	0	281	758	312	407	311	485	680	279	311	583	773	0	0	422	279	0	583	0	422	0	0	0	689	0	279	407	0	422	0	0	0	0	773	422
0	0	0	873	411	0	873	0	0	384	0	384	281	0	312	0	384	411	680	384	355	411	407	680	0	680	355	384	411	758	844	485	384	411	281	312	281	355	312	0	485	583	281	0	279	485	311	281	583	0	281	758	312	407	311	485	680	279	311	583	773	0	0	422	279	0	583	0	422	0	0	0	689	0	279	407	0	422	0	0	0	0	773	422
0	0	0	0	394	0	394	0	0	384	0	384	0	0	0	741	384	394	680	384	0	394	407	680	741	680	305	384	394	758	844	485	384	0	0	303	0	0	0	0	485	583	0	0	277	485	303	0	583	0	277	758	303	407	0	485	680	0	0	583	0	0	0	0	0	0	583	0	390	305	741	305	689	0	0	407	305	390	0	741	0	0	305	390
0	0	0	0	394	0	394	0	0	384	0	384	0	0	0	741	384	394	680	384	0	394	407	680	741	680	305	384	394	758	844	485	384	0	0	303	0	0	0	0	485	583	0	0	277	485	303	0	583	0	277	758	303	407	0	485	680	0	0	583	0	0	0	0	0	0	583	0	390	305	741	305	689	0	0	407	305	390	0	741	0	0	305	390
0	0	0	0	394	0	394	0	0	384	0	384	0	0	0	741	384	394	680	384	0	394	407	680	741	680	305	384	394	758	844	485	384	0	0	303	0	0	0	0	485	583	0	0	277	485	303	0	583	0	277	758	303	407	0	485	680	0	0	583	0	0	0	0	0	0	583	0	390	305	741	305	689	0	0	407	305	390	0	741	0	0	305	390
0	0	0	0	394	0	394	0	0	0	0	0	0	0	0	741	0	394	0	0	0	394	407	0	741	0	305	334	394	694	334	467	334	0	0	303	0	0	0	0	0	467	0	0	277	387	303	0	387	0	277	694	303	407	0	0	387	387	0	0	0	0	0	0	0	0	0	0	390	305	741	305	672	0	0	407	305	390	387	741	0	0	305	390
0	0	0	0	394	0	394	0	0	0	0	0	0	0	0	741	0	394	0	0	0	394	407	0	741	0	305	334	394	694	334	467	334	0	0	303	0	0	0	0	0	467	0	0	277	387	303	0	387	0	277	694	303	407	0	0	387	387	0	0	0	0	0	0	0	0	0	0	390	305	741	305	672	0	0	407	305	390	387	741	0	0	305	390
0	0	0	0	394	0	394	0	0	0	0	0	0	0	0	741	0	394	0	0	0	394	407	0	741	0	305	334	394	694	334	467	334	0	0	303	0	0	0	0	0	467	0	0	277	387	303	0	387	0	277	694	303	407	0	0	387	387	0	0	0	0	0	0	0	0	0	0	390	305	741	305	672	0	0	407	305	390	387	741	0	0	305	390
0	291	0	0	0	0	0	0	0	0	0	0	0	0	291	741	0	0	0	0	0	0	0	0	741	0	305	334	380	694	334	467	334	0	380	291	380	0	291	774	0	467	572	774	240	387	291	572	387	0	0	694	291	0	240	0	387	387	572	0	0	0	0	0	572	0	0	0	390	305	741	305	672	0	572	240	305	390	387	741	240	0	305	390
0	291	0	0	0	0	0	0	0	0	0	0	0	0	291	741	0	0	0	0	0	0	0	0	741	0	305	334	380	694	334	467	334	0	380	291	380	0	291	774	0	467	572	774	240	387	291	572	387	0	0	694	291	0	240	0	387	387	572	0	0	0	0	0	572	0	0	0	390	305	741	305	672	0	572	240	305	390	387	741	240	0	305	390
0	291	0	0	0	0	0	0	0	0	0	0	0	0	291	741	0	0	0	0	0	0	0	0	741	0	305	334	380	694	334	467	334	0	380	291	380	0	291	774	0	467	572	774	240	387	291	572	387	0	0	694	291	0	240	0	387	387	572	0	0	0	0	0	572	0	0	0	390	305	741	305	672	0	572	240	305	390	387	741	240	0	305	390
0	291	0	0	468	0	0	0	0	0	566	0	0	566	291	669	367	468	566	367	298	371	468	566	669	566	298	298	380	371	0	0	0	0	380	291	380	371	291	774	0	371	572	774	240	0	291	572	371	0	0	371	291	367	240	0	0	0	572	0	0	0	0	366	572	0	0	367	366	0	0	0	298	0	572	240	0	0	0	0	240	0	0	366
0	291	0	0	468	0	0	0	0	0	566	0	0	566	291	669	367	468	566	367	298	371	468	566	669	566	298	298	380	371	0	0	0	0	380	291	380	371	291	774	0	371	572	774	240	0	291	572	371	0	0	371	291	367	240	0	0	0	572	0	0	0	0	366	572	0	0	367	366	0	0	0	298	0	572	240	0	0	0	0	240	0	0	366
0	291	0	0	468	0	0	0	0	0	566	0	0	566	291	669	367	468	566	367	298	371	468	566	669	566	298	298	380	371	0	0	0	0	380	291	380	371	291	774	0	371	572	774	240	0	291	572	371	0	0	371	291	367	240	0	0	0	572	0	0	0	0	366	572	0	0	367	366	0	0	0	298	0	572	240	0	0	0	0	240	0	0	366
0	289	0	0	468	0	0	0	0	0	566	0	276	566	289	669	367	468	566	367	298	371	468	566	669	566	298	298	0	371	0	0	0	0	276	289	276	371	289	774	0	371	267	774	240	289	0	0	371	267	276	371	289	367	240	289	0	0	0	0	0	0	488	366	0	0	0	367	366	488	0	488	298	0	0	240	488	0	0	0	240	0	488	366
0	289	0	0	468	0	0	0	0	0	566	0	276	566	289	669	367	468	566	367	298	371	468	566	669	566	298	298	0	371	0	0	0	0	276	289	276	371	289	774	0	371	267	774	240	289	0	0	371	267	276	371	289	367	240	289	0	0	0	0	0	0	488	366	0	0	0	367	366	488	0	488	298	0	0	240	488	0	0	0	240	0	488	366
0	289	0	0	468	0	0	0	0	0	566	0	276	566	289	669	367	468	566	367	298	371	468	566	669	566	298	298	0	371	0	0	0	0	276	289	276	371	289	774	0	371	267	774	240	289	0	0	371	267	276	371	289	367	240	289	0	0	0	0	0	0	488	366	0	0	0	367	366	488	0	488	298	0	0	240	488	0	0	0	240	0	488	366
0	289	0	0	0	0	0	0	0	0	423	0	276	423	289	238	0	423	0	238	0	371	0	423	0	0	0	238	0	371	0	0	0	0	276	289	276	371	289	501	0	371	267	0	233	289	0	501	371	267	276	371	289	0	233	289	423	999	501	0	0	0	488	0	501	0	0	299	318	488	0	488	0	0	0	233	488	318	0	0	0	999	488	299
0	289	0	0	0	0	0	0	0	0	423	0	276	423	289	238	0	423	0	238	0	371	0	423	0	0	0	238	0	371	0	0	0	0	276	289	276	371	289	501	0	371	267	0	233	289	0	501	371	267	276	371	289	0	233	289	423	999	501	0	0	0	488	0	501	0	0	299	318	488	0	488	0	0	0	233	488	318	0	0	0	999	488	299
0	289	0	0	0	0	0	0	0	0	423	0	276	423	289	238	0	423	0	238	0	371	0	423	0	0	0	238	0	371	0	0	0	0	276	289	276	371	289	501	0	371	267	0	233	289	0	501	371	267	276	371	289	0	233	289	423	999	501	0	0	0	488	0	501	0	0	299	318	488	0	488	0	0	0	233	488	318	0	0	0	999	488	299
0	0	0	634	0	0	0	0	0	634	423	0	276	423	0	238	0	423	723	238	0	0	587	423	0	0	723	238	0	287	0	0	0	0	276	0	276	0	0	501	0	364	267	0	233	0	287	501	0	267	276	0	287	587	233	0	423	999	501	970	0	0	0	0	501	0	0	299	318	461	647	0	723	0	0	233	461	318	0	0	461	999	461	299
0	0	0	634	0	0	0	0	0	634	423	0	276	423	0	238	0	423	723	238	0	0	587	423	0	0	723	238	0	287	0	0	0	0	276	0	276	0	0	501	0	364	267	0	233	0	287	501	0	267	276	0	287	587	233	0	423	999	501	970	0	0	0	0	501	0	0	299	318	461	647	0	723	0	0	233	461	318	0	0	461	999	461	299
0	0	0	634	0	0	0	0	0	634	423	0	276	423	0	238	0	423	723	238	0	0	587	423	0	0	723	238	0	287	0	0	0	0	276	0	276	0	0	501	0	364	267	0	233	0	287	501	0	267	276	0	287	587	233	0	423	999	501	970	0	0	0	0	501	0	0	299	318	461	647	0	723	0	0	233	461	318	0	0	461	999	461	299
0	0	0	634	0	0	0	0	0	634	386	270	0	0	0	0	0	386	723	232	0	755	587	386	0	755	723	232	270	287	0	0	0	0	270	0	270	0	0	0	479	364	0	0	232	523	287	0	0	232	0	0	287	587	0	523	386	232	0	970	0	0	0	261	232	0	0	0	261	461	647	0	723	0	232	0	461	261	0	0	461	0	461	261
0	0	0	634	0	0	0	0	0	634	386	270	0	0	0	0	0	386	723	232	0	755	587	386	0	755	723	232	270	287	0	0	0	0	270	0	270	0	0	0	479	364	0	0	232	523	287	0	0	232	0	0	287	587	0	523	386	232	0	970	0	0	0	261	232	0	0	0	261	461	647	0	723	0	232	0	461	261	0	0	461	0	461	261
0	0	0	634	0	0	0	0	0	634	386	270	0	0	0	0	0	386	723	232	0	755	587	386	0	755	723	232	270	287	0	0	0	0	270	0	270	0	0	0	479	364	0	0	232	523	287	0	0	232	0	0	287	587	0	523	386	232	0	970	0	0	0	261	232	0	0	0	261	461	647	0	723	0	232	0	461	261	0	0	461	0	461	261
0	283	0	0	0	0	0	0	0	589	386	270	0	0	283	0	589	386	0	232	283	755	587	386	589	755	283	232	270	0	835	0	835	0	270	285	270	283	285	0	479	268	242	0	232	523	285	242	714	232	242	268	285	587	0	523	386	232	0	285	714	0	419	261	232	0	314	0	261	419	589	419	0	0	232	0	419	261	0	589	0	0	419	261
0	283	0	0	0	0	0	0	0	589	386	270	0	0	283	0	589	386	0	232	283	755	587	386	589	755	283	232	270	0	835	0	835	0	270	285	270	283	285	0	479	268	242	0	232	523	285	242	714	232	242	268	285	587	0	523	386	232	0	285	714	0	419	261	232	0	314	0	261	419	589	419	0	0	232	0	419	261	0	589	0	0	419	261
0	283	0	0	0	0	0	0	0	589	386	270	0	0	283	0	589	386	0	232	283	755	587	386	589	755	283	232	270	0	835	0	835	0	270	285	270	283	285	0	479	268	242	0	232	523	285	242	714	232	242	268	285	587	0	523	386	232	0	285	714	0	419	261	232	0	314	0	261	419	589	419	0	0	232	0	419	261	0	589	0	0	419	261
0	283	0	0	514	0	514	0	0	589	0	270	0	0	283	0	589	0	514	232	283	0	514	0	589	514	283	232	270	0	835	0	835	0	270	285	270	283	285	0	280	268	242	0	232	280	285	242	714	232	242	268	285	0	440	0	280	232	0	285	714	0	419	261	232	0	314	0	261	419	589	419	0	0	232	440	419	261	280	589	0	0	419	261
0	283	0	0	514	0	514	0	0	589	0	270	0	0	283	0	589	0	514	232	283	0	514	0	589	514	283	232	270	0	835	0	835	0	270	285	270	283	285	0	280	268	242	0	232	280	285	242	714	232	242	268	285	0	440	0	280	232	0	285	714	0	419	261	232	0	314	0	261	419	589	419	0	0	232	440	419	261	280	589	0	0	419	261
0	283	0	0	514	0	514	0	0	589	0	270	0	0	283	0	589	0	514	232	283	0	514	0	589	514	283	232	270	0	835	0	835	0	270	285	270	283	285	0	280	268	242	0	232	280	285	242	714	232	242	268	285	0	440	0	280	232	0	285	714	0	419	261	232	0	314	0	261	419	589	419	0	0	232	440	419	261	280	589	0	0	419	261
0	0	0	269	514	0	514	0	0	269	792	0	0	235	269	0	0	792	514	0	0	953	514	792	0	514	0	0	0	953	235	259	0	0	235	269	235	0	269	241	280	259	0	0	228	280	0	241	259	0	228	0	269	0	440	0	280	228	241	259	0	0	419	241	0	0	259	0	0	419	0	419	0	0	0	440	419	0	280	0	0	241	419	0
0	0	0	269	514	0	514	0	0	269	792	0	0	235	269	0	0	792	514	0	0	953	514	792	0	514	0	0	0	953	235	259	0	0	235	269	235	0	269	241	280	259	0	0	228	280	0	241	259	0	228	0	269	0	440	0	280	228	241	259	0	0	419	241	0	0	259	0	0	419	0	419	0	0	0	440	419	0	280	0	0	241	419	0
0	0	0	269	514	0	514	0	0	269	792	0	0	235	269	0	0	792	514	0	0	953	514	792	0	514	0	0	0	953	235	259	0	0	235	269	235	0	269	241	280	259	0	0	228	280	0	241	259	0	228	0	269	0	440	0	280	228	241	259	0	0	419	241	0	0	259	0	0	419	0	419	0	0	0	440	419	0	280	0	0	241	419	0
0	0	0	269	0	0	0	0	678	269	792	0	0	235	269	495	678	792	478	495	0	953	478	792	678	478	0	0	0	953	235	259	0	0	235	269	235	0	269	241	280	259	0	0	228	280	377	241	259	0	228	0	269	495	377	0	280	228	241	259	0	0	0	241	0	0	259	0	0	271	678	271	0	0	0	377	271	678	280	0	377	241	271	0
0	0	0	269	0	0	0	0	678	269	792	0	0	235	269	495	678	792	478	495	0	953	478	792	678	478	0	0	0	953	235	259	0	0	235	269	235	0	269	241	280	259	0	0	228	280	377	241	259	0	228	0	269	495	377	0	280	228	241	259	0	0	0	241	0	0	259	0	0	271	678	271	0	0	0	377	271	678	280	0	377	241	271	0
0	0	0	269	0	0	0	0	678	269	792	0	0	235	269	495	678	792	478	495	0	953	478	792	678	478	0	0	0	953	235	259	0	0	235	269	235	0	269	241	280	259	0	0	228	280	377	241	259	0	228	0	269	495	377	0	280	228	241	259	0	0	0	241	0	0	259	0	0	271	678	271	0	0	0	377	271	678	280	0	377	241	271	0
0	0	0	269	0	0	0	0	678	269	447	0	0	235	269	495	678	447	478	495	453	447	478	0	678	478	453	453	0	447	235	259	453	0	235	269	235	0	269	0	0	259	0	0	228	0	377	0	259	0	228	447	269	495	377	0	0	228	0	259	0	0	0	234	0	0	259	0	234	271	678	271	453	0	0	377	271	678	234	0	377	0	271	234
0	0	0	269	0	0	0	0	678	269	447	0	0	235	269	495	678	447	478	495	453	447	478	0	678	478	453	453	0	447	235	259	453	0	235	269	235	0	269	0	0	259	0	0	228	0	377	0	259	0	228	447	269	495	377	0	0	228	0	259	0	0	0	234	0	0	259	0	234	271	678	271	453	0	0	377	271	678	234	0	377	0	271	234
0	0	0	269	0	0	0	0	678	269	447	0	0	235	269	495	678	447	478	495	453	447	478	0	678	478	453	453	0	447	235	259	453	0	235	269	235	0	269	0	0	259	0	0	228	0	377	0	259	0	228	447	269	495	377	0	0	228	0	259	0	0	0	234	0	0	259	0	234	271	678	271	453	0	0	377	271	678	234	0	377	0	271	234
0	0	0	0	0	0	0	0	678	262	447	0	0	0	262	495	678	447	478	495	453	447	478	0	678	478	453	453	0	447	0	251	453	0	227	262	0	0	262	0	0	251	607	607	227	0	262	842	251	0	227	447	262	495	227	0	0	0	842	0	251	0	0	234	842	0	0	0	234	0	678	0	453	0	0	0	0	678	234	0	0	0	251	234
0	0	0	0	0	0	0	0	678	262	447	0	0	0	262	495	678	447	478	495	453	447	478	0	678	478	453	453	0	447	0	251	453	0	227	262	0	0	262	0	0	251	607	607	227	0	262	842	251	0	227	447	262	495	227	0	0	0	842	0	251	0	0	234	842	0	0	0	234	0	678	0	453	0	0	0	0	678	234	0	0	0	251	234
0	0	0	0	0	0	0	0	678	262	447	0	0	0	262	495	678	447	478	495	453	447	478	0	678	478	453	453	0	447	0	251	453	0	227	262	0	0	262	0	0	251	607	607	227	0	262	842	251	0	227	447	262	495	227	0	0	0	842	0	251	0	0	234	842	0	0	0	234	0	678	0	453	0	0	0	0	678	234	0	0	0	251	234
0	0	0	0	0	0	0	0	0	262	414	421	0	0	262	0	433	414	0	433	409	0	414	685	0	0	409	409	0	0	0	251	409	0	227	262	421	0	262	0	0	251	607	607	227	433	262	842	251	0	227	0	262	433	227	685	0	0	842	0	251	0	0	234	842	0	0	0	234	685	0	0	0	0	0	0	0	0	234	0	0	0	251	234
0	0	0	0	0	0	0	0	0	262	414	421	0	0	262	0	433	414	0	433	409	0	414	685	0	0	409	409	0	0	0	251	409	0	227	262	421	0	262	0	0	251	607	607	227	433	262	842	251	0	227	0	262	433	227	685	0	0	842	0	251	0	0	234	842	0	0	0	234	685	0	0	0	0	0	0	0	0	234	0	0	0	251	234
0	0	0	0	0	0	0	0	0	262	414	421	0	0	262	0	433	414	0	433	409	0	414	685	0	0	409	409	0	0	0	251	409	0	227	262	421	0	262	0	0	251	607	607	227	433	262	842	251	0	227	0	262	433	227	685	0	0	842	0	251	0	0	234	842	0	0	0	234	685	0	0	0	0	0	0	0	0	234	0	0	0	251	234
0	0	0	0	0	0	0	0	0	0	414	421	0	0	246	0	433	414	0	433	409	435	414	685	0	435	409	409	435	0	0	0	409	435	226	246	421	0	246	0	0	0	473	0	226	433	246	473	0	0	226	0	246	433	0	685	0	226	473	0	246	0	0	226	473	0	0	0	0	685	435	0	0	0	0	0	0	0	0	0	0	226	0	0
0	0	0	0	0	0	0	0	0	0	414	421	0	0	246	0	433	414	0	433	409	435	414	685	0	435	409	409	435	0	0	0	409	435	226	246	421	0	246	0	0	0	473	0	226	433	246	473	0	0	226	0	246	433	0	685	0	226	473	0	246	0	0	226	473	0	0	0	0	685	435	0	0	0	0	0	0	0	0	0	0	226	0	0
0	0	0	0	0	0	0	0	0	0	414	421	0	0	246	0	433	414	0	433	409	435	414	685	0	435	409	409	435	0	0	0	409	435	226	246	421	0	246	0	0	0	473	0	226	433	246	473	0	0	226	0	246	433	0	685	0	226	473	0	246	0	0	226	473	0	0	0	0	685	435	0	0	0	0	0	0	0	0	0	0	226	0	0
0	0	784	0	0	0	0	0	0	0	363	0	0	412	246	784	361	0	363	361	342	435	0	0	784	435	342	342	435	243	0	0	0	435	226	246	412	0	246	0	0	650	473	650	226	361	246	473	650	0	226	0	246	361	0	0	867	226	473	650	246	520	0	226	473	0	650	0	909	520	435	0	0	0	0	0	520	0	909	0	0	226	520	909
0	0	784	0	0	0	0	0	0	0	363	0	0	412	246	784	361	0	363	361	342	435	0	0	784	435	342	342	435	243	0	0	0	435	226	246	412	0	246	0	0	650	473	650	226	361	246	473	650	0	226	0	246	361	0	0	867	226	473	650	246	520	0	226	473	0	650	0	909	520	435	0	0	0	0	0	520	0	909	0	0	226	520	909
0	0	784	0	0	0	0	0	0	0	363	0	0	412	246	784	361	0	363	361	342	435	0	0	784	435	342	342	435	243	0	0	0	435	226	246	412	0	246	0	0	650	473	650	226	361	246	473	650	0	226	0	246	361	0	0	867	226	473	650	246	520	0	226	473	0	650	0	909	520	435	0	0	0	0	0	520	0	909	0	0	226	520	909
0	0	784	0	836	0	836	224	0	0	363	0	0	412	224	784	361	0	363	361	342	0	0	0	784	0	342	342	0	243	0	0	0	224	226	0	412	0	224	0	0	650	372	650	226	361	0	0	650	372	226	0	0	361	430	0	867	226	0	650	0	520	0	226	0	0	650	0	909	520	0	430	0	0	0	430	520	0	909	0	0	226	520	909
0	0	784	0	836	0	836	224	0	0	363	0	0	412	224	784	361	0	363	361	342	0	0	0	784	0	342	342	0	243	0	0	0	224	226	0	412	0	224	0	0	650	372	650	226	361	0	0	650	372	226	0	0	361	430	0	867	226	0	650	0	520	0	226	0	0	650	0	909	520	0	430	0	0	0	430	520	0	909	0	0	226	520	909
0	0	784	0	836	0	836	224	0	0	363	0	0	412	224	784	361	0	363	361	342	0	0	0	784	0	342	342	0	243	0	0	0	224	226	0	412	0	224	0	0	650	372	650	226	361	0	0	650	372	226	0	0	361	430	0	867	226	0	650	0	520	0	226	0	0	650	0	909	520	0	430	0	0	0	430	520	0	909	0	0	226	520	909
0	0	784	0	836	0	836	224	0	0	335	382	0	0	224	784	361	448	335	361	342	0	382	448	784	382	342	342	0	219	925	0	925	224	0	0	382	0	224	925	0	0	372	0	223	361	219	925	477	372	0	0	219	361	430	448	789	223	925	0	477	0	0	0	223	0	0	477	0	448	382	430	0	0	223	430	0	0	0	0	0	0	0	477
0	0	784	0	836	0	836	224	0	0	335	382	0	0	224	784	361	448	335	361	342	0	382	448	784	382	342	342	0	219	925	0	925	224	0	0	382	0	224	925	0	0	372	0	223	361	219	925	477	372	0	0	219	361	430	448	789	223	925	0	477	0	0	0	223	0	0	477	0	448	382	430	0	0	223	430	0	0	0	0	0	0	0	477
0	0	784	0	836	0	836	224	0	0	335	382	0	0	224	784	361	448	335	361	342	0	382	448	784	382	342	342	0	219	925	0	925	224	0	0	382	0	224	925	0	0	372	0	223	361	219	925	477	372	0	0	219	361	430	448	789	223	925	0	477	0	0	0	223	0	0	477	0	448	382	430	0	0	223	430	0	0	0	0	0	0	0	477
0	216	0	0	805	0	0	0	0	928	335	382	0	0	216	0	292	448	335	0	295	794	382	448	292	382	0	295	0	219	925	0	925	0	0	216	382	794	216	925	0	0	339	339	223	0	219	925	477	295	0	0	219	0	339	448	789	223	925	0	477	0	0	0	223	0	0	477	724	448	382	0	0	0	223	339	0	0	0	0	0	0	0	477
0	216	0	0	805	0	0	0	0	928	335	382	0	0	216	0	292	448	335	0	295	794	382	448	292	382	0	295	0	219	925	0	925	0	0	216	382	794	216	925	0	0	339	339	223	0	219	925	477	295	0	0	219	0	339	448	789	223	925	0	477	0	0	0	223	0	0	477	724	448	382	0	0	0	223	339	0	0	0	0	0	0	0	477
0	216	0	0	805	0	0	0	0	928	335	382	0	0	216	0	292	448	335	0	295	794	382	448	292	382	0	295	0	219	925	0	925	0	0	216	382	794	216	925	0	0	339	339	223	0	219	925	477	295	0	0	219	0	339	448	789	223	925	0	477	0	0	0	223	0	0	477	724	448	382	0	0	0	223	339	0	0	0	0	0	0	0	477
0	216	0	0	805	0	0	0	0	928	231	0	0	310	216	0	292	231	0	0	295	794	0	231	292	0	644	295	0	219	629	0	629	0	310	216	310	794	216	629	356	0	339	339	223	356	219	629	477	295	0	0	219	0	339	356	231	223	629	0	477	427	0	0	223	0	0	477	724	0	0	644	0	0	223	339	460	0	0	0	460	0	472	477
0	216	0	0	805	0	0	0	0	928	231	0	0	310	216	0	292	231	0	0	295	794	0	231	292	0	644	295	0	219	629	0	629	0	310	216	310	794	216	629	356	0	339	339	223	356	219	629	477	295	0	0	219	0	339	356	231	223	629	0	477	427	0	0	223	0	0	477	724	0	0	644	0	0	223	339	460	0	0	0	460	0	472	477
0	216	0	0	805	0	0	0	0	928	231	0	0	310	216	0	292	231	0	0	295	794	0	231	292	0	644	295	0	219	629	0	629	0	310	216	310	794	216	629	356	0	339	339	223	356	219	629	477	295	0	0	219	0	339	356	231	223	629	0	477	427	0	0	223	0	0	477	724	0	0	644	0	0	223	339	460	0	0	0	460	0	472	477
0	0	0	0	805	0	0	0	0	256	231	256	0	310	209	982	256	231	0	982	0	691	370	231	0	370	644	217	691	0	629	0	629	0	310	209	310	0	209	629	356	441	339	339	221	356	0	629	441	217	0	0	209	691	339	356	231	0	629	0	442	427	0	830	0	830	0	0	442	0	0	644	0	0	0	339	460	442	0	0	460	0	472	442
0	0	0	0	805	0	0	0	0	256	231	256	0	310	209	982	256	231	0	982	0	691	370	231	0	370	644	217	691	0	629	0	629	0	310	209	310	0	209	629	356	441	339	339	221	356	0	629	441	217	0	0	209	691	339	356	231	0	629	0	442	427	0	830	0	830	0	0	442	0	0	644	0	0	0	339	460	442	0	0	460	0	472	442
0	0	0	0	805	0	0	0	0	256	231	256	0	310	209	982	256	231	0	982	0	691	370	231	0	370	644	217	691	0	629	0	629	0	310	209	310	0	209	629	356	441	339	339	221	356	0	629	441	217	0	0	209	691	339	356	231	0	629	0	442	427	0	830	0	830	0	0	442	0	0	644	0	0	0	339	460	442	0	0	460	0	472	442
0	0	0	0	544	0	0	0	0	256	0	256	0	310	209	982	256	0	544	982	0	691	370	0	0	370	544	217	691	0	629	0	629	0	310	209	310	0	209	629	0	441	0	0	221	212	331	629	441	217	0	0	209	691	331	0	212	0	629	0	442	417	0	830	0	830	0	0	442	417	0	331	544	0	0	331	417	442	0	0	417	0	417	442
0	0	0	0	544	0	0	0	0	256	0	256	0	310	209	982	256	0	544	982	0	691	370	0	0	370	544	217	691	0	629	0	629	0	310	209	310	0	209	629	0	441	0	0	221	212	331	629	441	217	0	0	209	691	331	0	212	0	629	0	442	417	0	830	0	830	0	0	442	417	0	331	544	0	0	331	417	442	0	0	417	0	417	442
0	0	0	0	544	0	0	0	0	256	0	256	0	310	209	982	256	0	544	982	0	691	370	0	0	370	544	217	691	0	629	0	629	0	310	209	310	0	209	629	0	441	0	0	221	212	331	629	441	217	0	0	209	691	331	0	212	0	629	0	442	417	0	830	0	830	0	0	442	417	0	331	544	0	0	331	417	442	0	0	417	0	417	442
0	0	0	0	544	0	0	0	0	0	0	193	0	0	209	679	0	0	544	0	214	348	193	0	0	0	544	214	0	0	0	0	0	0	0	209	193	0	209	0	0	436	214	892	207	212	331	214	436	214	693	0	209	348	331	0	212	892	0	436	0	417	0	202	892	0	0	0	202	417	0	331	544	202	0	331	417	0	202	0	417	0	417	202
0	0	0	0	544	0	0	0	0	0	0	193	0	0	209	679	0	0	544	0	214	348	193	0	0	0	544	214	0	0	0	0	0	0	0	209	193	0	209	0	0	436	214	892	207	212	331	214	436	214	693	0	209	348	331	0	212	892	0	436	0	417	0	202	892	0	0	0	202	417	0	331	544	202	0	331	417	0	202	0	417	0	417	202
0	0	0	0	544	0	0	0	0	0	0	193	0	0	209	679	0	0	544	0	214	348	193	0	0	0	544	214	0	0	0	0	0	0	0	209	193	0	209	0	0	436	214	892	207	212	331	214	436	214	693	0	209	348	331	0	212	892	0	436	0	417	0	202	892	0	0	0	202	417	0	331	544	202	0	331	417	0	202	0	417	0	417	202
0	0	0	966	273	0	966	0	0	0	0	193	0	0	0	679	0	506	273	0	214	348	193	0	0	0	273	214	0	0	0	0	0	0	0	208	193	0	208	0	0	436	214	892	207	208	0	214	436	214	693	0	208	348	0	208	0	892	0	436	0	0	0	202	892	0	0	0	202	308	0	308	273	202	0	0	308	0	202	0	0	0	0	202
0	0	0	966	273	0	966	0	0	0	0	193	0	0	0	679	0	506	273	0	214	348	193	0	0	0	273	214	0	0	0	0	0	0	0	208	193	0	208	0	0	436	214	892	207	208	0	214	436	214	693	0	208	348	0	208	0	892	0	436	0	0	0	202	892	0	0	0	202	308	0	308	273	202	0	0	308	0	202	0	0	0	0	202
0	0	0	966	273	0	966	0	0	0	0	193	0	0	0	679	0	506	273	0	214	348	193	0	0	0	273	214	0	0	0	0	0	0	0	208	193	0	208	0	0	436	214	892	207	208	0	214	436	214	693	0	208	348	0	208	0	892	0	436	0	0	0	202	892	0	0	0	202	308	0	308	273	202	0	0	308	0	202	0	0	0	0	202
0	0	319	966	273	0	966	0	739	0	0	190	0	0	0	319	739	506	273	319	0	0	0	0	739	0	273	0	0	0	0	0	0	0	190	208	190	0	208	0	0	0	0	0	196	208	425	0	360	196	190	0	208	319	324	208	0	196	425	360	0	0	0	197	196	197	360	0	197	308	739	308	273	0	196	319	308	739	0	0	0	0	0	197
0	0	319	966	273	0	966	0	739	0	0	190	0	0	0	319	739	506	273	319	0	0	0	0	739	0	273	0	0	0	0	0	0	0	190	208	190	0	208	0	0	0	0	0	196	208	425	0	360	196	190	0	208	319	324	208	0	196	425	360	0	0	0	197	196	197	360	0	197	308	739	308	273	0	196	319	308	739	0	0	0	0	0	197
0	0	319	966	273	0	966	0	739	0	0	190	0	0	0	319	739	506	273	319	0	0	0	0	739	0	273	0	0	0	0	0	0	0	190	208	190	0	208	0	0	0	0	0	196	208	425	0	360	196	190	0	208	319	324	208	0	196	425	360	0	0	0	197	196	197	360	0	197	308	739	308	273	0	196	319	308	739	0	0	0	0	0	197
0	199	319	737	0	0	737	0	739	0	0	190	0	0	199	319	739	491	0	319	0	254	0	768	739	0	222	0	0	0	0	398	0	199	190	0	190	768	199	0	0	398	0	0	196	0	425	0	360	196	190	0	0	319	324	0	0	196	425	360	0	0	222	197	196	197	360	0	197	222	739	222	0	0	196	319	222	739	0	0	0	0	222	197
0	199	319	737	0	0	737	0	739	0	0	190	0	0	199	319	739	491	0	319	0	254	0	768	739	0	222	0	0	0	0	398	0	199	190	0	190	768	199	0	0	398	0	0	196	0	425	0	360	196	190	0	0	319	324	0	0	196	425	360	0	0	222	197	196	197	360	0	197	222	739	222	0	0	196	319	222	739	0	0	0	0	222	197
0	199	319	737	0	0	737	0	739	0	0	190	0	0	199	319	739	491	0	319	0	254	0	768	739	0	222	0	0	0	0	398	0	199	190	0	190	768	199	0	0	398	0	0	196	0	425	0	360	196	190	0	0	319	324	0	0	196	425	360	0	0	222	197	196	197	360	0	197	222	739	222	0	0	196	319	222	739	0	0	0	0	222	197
0	199	0	737	0	0	737	0	0	0	0	183	0	0	199	0	515	491	0	0	515	254	0	768	515	0	222	515	0	0	0	398	515	199	183	0	183	768	199	618	505	398	0	0	183	505	349	176	360	0	183	618	349	0	306	0	0	183	176	360	349	0	222	176	0	0	360	0	0	222	0	222	0	0	0	306	222	0	0	0	306	176	222	0
0	199	0	737	0	0	737	0	0	0	0	183	0	0	199	0	515	491	0	0	515	254	0	768	515	0	222	515	0	0	0	398	515	199	183	0	183	768	199	618	505	398	0	0	183	505	349	176	360	0	183	618	349	0	306	0	0	183	176	360	349	0	222	176	0	0	360	0	0	222	0	222	0	0	0	306	222	0	0	0	306	176	222	0
0	199	0	737	0	0	737	0	0	0	0	183	0	0	199	0	515	491	0	0	515	254	0	768	515	0	222	515	0	0	0	398	515	199	183	0	183	768	199	618	505	398	0	0	183	505	349	176	360	0	183	618	349	0	306	0	0	183	176	360	349	0	222	176	0	0	360	0	0	222	0	222	0	0	0	306	222	0	0	0	306	176	222	0
0	0	0	596	264	0	596	0	0	0	596	183	0	0	0	0	515	198	596	0	515	198	0	596	515	596	222	515	198	0	0	0	515	198	183	0	183	0	0	618	505	200	0	0	183	505	349	176	200	0	183	618	349	0	306	0	935	183	176	200	349	0	222	176	0	0	200	0	0	222	729	222	0	0	0	306	222	729	0	0	306	176	222	0
0	0	0	596	264	0	596	0	0	0	596	183	0	0	0	0	515	198	596	0	515	198	0	596	515	596	222	515	198	0	0	0	515	198	183	0	183	0	0	618	505	200	0	0	183	505	349	176	200	0	183	618	349	0	306	0	935	183	176	200	349	0	222	176	0	0	200	0	0	222	729	222	0	0	0	306	222	729	0	0	306	176	222	0
0	0	0	596	264	0	596	0	0	0	596	183	0	0	0	0	515	198	596	0	515	198	0	596	515	596	222	515	198	0	0	0	515	198	183	0	183	0	0	618	505	200	0	0	183	505	349	176	200	0	183	618	349	0	306	0	935	183	176	200	349	0	222	176	0	0	200	0	0	222	729	222	0	0	0	306	222	729	0	0	306	176	222	0
0	0	0	596	264	0	596	0	0	195	596	183	0	0	195	0	481	198	596	481	0	198	0	596	0	596	0	481	198	0	0	0	481	198	183	195	183	0	195	0	505	200	0	250	183	505	195	176	200	0	183	392	195	601	250	0	935	183	176	200	195	0	0	176	0	0	200	601	0	0	729	0	0	0	0	0	0	729	0	0	0	176	195	822
0	0	0	596	264	0	596	0	0	195	596	183	0	0	195	0	481	198	596	481	0	198	0	596	0	596	0	481	198	0	0	0	481	198	183	195	183	0	195	0	505	200	0	250	183	505	195	176	200	0	183	392	195	601	250	0	935	183	176	200	195	0	0	176	0	0	200	601	0	0	729	0	0	0	0	0	0	729	0	0	0	176	195	822
0	0	0	596	264	0	596	0	0	195	596	183	0	0	195	0	481	198	596	481	0	198	0	596	0	596	0	481	198	0	0	0	481	198	183	195	183	0	195	0	505	200	0	250	183	505	195	176	200	0	183	392	195	601	250	0	935	183	176	200	195	0	0	176	0	0	200	601	0	0	729	0	0	0	0	0	0	729	0	0	0	176	195	822
0	0	0	0	258	0	0	0	0	195	0	0	0	0	195	0	481	198	258	481	0	198	0	0	0	0	0	481	198	0	675	0	481	198	160	195	160	0	195	0	443	200	160	250	180	443	195	160	200	0	160	392	195	601	250	0	443	0	0	200	195	0	0	0	0	0	200	601	0	717	357	717	0	0	0	0	717	0	0	0	0	0	195	822
0	0	0	0	258	0	0	0	0	195	0	0	0	0	195	0	481	198	258	481	0	198	0	0	0	0	0	481	198	0	675	0	481	198	160	195	160	0	195	0	443	200	160	250	180	443	195	160	200	0	160	392	195	601	250	0	443	0	0	200	195	0	0	0	0	0	200	601	0	717	357	717	0	0	0	0	717	0	0	0	0	0	195	822
0	0	0	0	258	0	0	0	0	195	0	0	0	0	195	0	481	198	258	481	0	198	0	0	0	0	0	481	198	0	675	0	481	198	160	195	160	0	195	0	443	200	160	250	180	443	195	160	200	0	160	392	195	601	250	0	443	0	0	200	195	0	0	0	0	0	200	601	0	717	357	717	0	0	0	0	717	0	0	0	0	0	195	822
0	0	813	0	258	0	0	0	0	195	0	0	0	0	195	813	253	182	258	253	545	182	0	0	813	0	545	0	0	182	675	0	218	0	160	195	160	545	195	0	443	182	160	250	180	443	195	160	0	0	160	182	195	253	250	0	443	0	0	0	195	0	0	602	0	602	0	0	0	717	357	717	545	0	0	253	717	0	0	0	0	0	195	602
0	0	813	0	258	0	0	0	0	195	0	0	0	0	195	813	253	182	258	253	545	182	0	0	813	0	545	0	0	182	675	0	218	0	160	195	160	545	195	0	443	182	160	250	180	443	195	160	0	0	160	182	195	253	250	0	443	0	0	0	195	0	0	602	0	602	0	0	0	717	357	717	545	0	0	253	717	0	0	0	0	0	195	602
0	0	813	0	258	0	0	0	0	195	0	0	0	0	195	813	253	182	258	253	545	182	0	0	813	0	545	0	0	182	675	0	218	0	160	195	160	545	195	0	443	182	160	250	180	443	195	160	0	0	160	182	195	253	250	0	443	0	0	0	195	0	0	602	0	602	0	0	0	717	357	717	545	0	0	253	717	0	0	0	0	0	195	602
0	995	813	0	247	0	247	0	0	0	995	0	0	995	0	813	253	182	247	253	545	182	0	0	813	0	545	0	0	182	675	0	218	0	0	173	0	545	0	0	0	182	0	0	139	403	173	0	0	0	139	182	173	253	185	0	403	990	0	0	0	0	0	602	990	602	0	185	0	175	327	0	545	0	990	253	175	0	0	0	175	0	175	602
0	995	813	0	247	0	247	0	0	0	995	0	0	995	0	813	253	182	247	253	545	182	0	0	813	0	545	0	0	182	675	0	218	0	0	173	0	545	0	0	0	182	0	0	139	403	173	0	0	0	139	182	173	253	185	0	403	990	0	0	0	0	0	602	990	602	0	185	0	175	327	0	545	0	990	253	175	0	0	0	175	0	175	602
0	995	813	0	247	0	247	0	0	0	995	0	0	995	0	813	253	182	247	253	545	182	0	0	813	0	545	0	0	182	675	0	218	0	0	173	0	545	0	0	0	182	0	0	139	403	173	0	0	0	139	182	173	253	185	0	403	990	0	0	0	0	0	602	990	602	0	185	0	175	327	0	545	0	990	253	175	0	0	0	175	0	175	602
0	995	0	362	247	0	247	0	0	362	995	0	0	995	362	698	253	182	247	253	213	182	156	0	698	156	0	213	0	182	631	0	213	362	631	173	156	0	362	631	0	182	0	0	139	403	173	0	554	0	139	182	173	253	185	0	403	990	0	554	0	0	0	536	990	0	0	185	536	175	327	0	0	0	990	253	175	0	0	0	175	0	175	536
0	995	0	362	247	0	247	0	0	362	995	0	0	995	362	698	253	182	247	253	213	182	156	0	698	156	0	213	0	182	631	0	213	362	631	173	156	0	362	631	0	182	0	0	139	403	173	0	554	0	139	182	173	253	185	0	403	990	0	554	0	0	0	536	990	0	0	185	536	175	327	0	0	0	990	253	175	0	0	0	175	0	175	536
0	995	0	362	247	0	247	0	0	362	995	0	0	995	362	698	253	182	247	253	213	182	156	0	698	156	0	213	0	182	631	0	213	362	631	173	156	0	362	631	0	182	0	0	139	403	173	0	554	0	139	182	173	253	185	0	403	990	0	554	0	0	0	536	990	0	0	185	536	175	327	0	0	0	990	253	175	0	0	0	175	0	175	536
0	995	0	362	174	0	0	0	0	362	995	0	0	995	362	698	0	174	0	0	213	0	156	785	698	156	535	213	0	0	631	0	213	362	631	0	156	0	362	631	0	0	0	0	139	178	162	0	554	0	139	0	0	0	162	0	178	178	162	554	0	0	0	536	0	0	0	0	536	0	260	535	0	0	0	162	0	0	0	0	162	0	0	536
0	995	0	362	174	0	0	0	0	362	995	0	0	995	362	698	0	174	0	0	213	0	156	785	698	156	535	213	0	0	631	0	213	362	631	0	156	0	362	631	0	0	0	0	139	178	162	0	554	0	139	0	0	0	162	0	178	178	162	554	0	0	0	536	0	0	0	0	536	0	260	535	0	0	0	162	0	0	0	0	162	0	0	536
0	995	0	362	174	0	0	0	0	362	995	0	0	995	362	698	0	174	0	0	213	0	156	785	698	156	535	213	0	0	631	0	213	362	631	0	156	0	362	631	0	0	0	0	139	178	162	0	554	0	139	0	0	0	162	0	178	178	162	554	0	0	0	536	0	0	0	0	536	0	260	535	0	0	0	162	0	0	0	0	162	0	0	536
0	330	0	0	174	0	0	0	0	0	0	0	136	0	330	698	0	174	0	0	0	330	0	785	698	0	535	187	0	330	0	0	187	0	136	0	136	330	0	0	0	330	0	0	136	178	162	0	330	0	136	330	0	0	162	0	178	178	162	0	330	0	0	536	0	0	0	0	536	0	260	535	0	0	0	162	0	0	0	0	162	0	0	536
0	330	0	0	174	0	0	0	0	0	0	0	136	0	330	698	0	174	0	0	0	330	0	785	698	0	535	187	0	330	0	0	187	0	136	0	136	330	0	0	0	330	0	0	136	178	162	0	330	0	136	330	0	0	162	0	178	178	162	0	330	0	0	536	0	0	0	0	536	0	260	535	0	0	0	162	0	0	0	0	162	0	0	536
0	330	0	0	174	0	0	0	0	0	0	0	136	0	330	698	0	174	0	0	0	330	0	785	698	0	535	187	0	330	0	0	187	0	136	0	136	330	0	0	0	330	0	0	136	178	162	0	330	0	136	330	0	0	162	0	178	178	162	0	330	0	0	536	0	0	0	0	536	0	260	535	0	0	0	162	0	0	0	0	162	0	0	536
0	330	475	0	0	0	0	0	0	0	0	0	136	0	330	475	0	164	0	475	0	330	0	164	0	0	0	187	0	330	0	0	187	0	136	323	136	330	323	0	0	330	0	0	136	0	161	0	330	0	136	330	323	475	161	0	164	0	0	0	330	0	0	475	0	0	0	475	167	462	167	462	0	475	0	0	462	167	0	0	0	0	462	475
0	330	475	0	0	0	0	0	0	0	0	0	136	0	330	475	0	164	0	475	0	330	0	164	0	0	0	187	0	330	0	0	187	0	136	323	136	330	323	0	0	330	0	0	136	0	161	0	330	0	136	330	323	475	161	0	164	0	0	0	330	0	0	475	0	0	0	475	167	462	167	462	0	475	0	0	462	167	0	0	0	0	462	475
0	330	475	0	0	0	0	0	0	0	0	0	136	0	330	475	0	164	0	475	0	330	0	164	0	0	0	187	0	330	0	0	187	0	136	323	136	330	323	0	0	330	0	0	136	0	161	0	330	0	136	330	323	475	161	0	164	0	0	0	330	0	0	475	0	0	0	475	167	462	167	462	0	475	0	0	462	167	0	0	0	0	462	475
0	330	475	0	748	0	0	0	0	0	0	0	0	0	330	475	0	164	748	475	181	330	748	164	0	748	181	181	0	330	0	0	181	0	131	323	0	330	323	853	0	330	557	557	131	0	161	853	330	557	131	330	323	475	161	0	164	0	853	0	330	0	0	475	0	0	0	475	167	462	167	462	0	475	0	0	462	167	0	0	0	853	462	475
0	330	475	0	748	0	0	0	0	0	0	0	0	0	330	475	0	164	748	475	181	330	748	164	0	748	181	181	0	330	0	0	181	0	131	323	0	330	323	853	0	330	557	557	131	0	161	853	330	557	131	330	323	475	161	0	164	0	853	0	330	0	0	475	0	0	0	475	167	462	167	462	0	475	0	0	462	167	0	0	0	853	462	475
0	330	475	0	748	0	0	0	0	0	0	0	0	0	330	475	0	164	748	475	181	330	748	164	0	748	181	181	0	330	0	0	181	0	131	323	0	330	323	853	0	330	557	557	131	0	161	853	330	557	131	330	323	475	161	0	164	0	853	0	330	0	0	475	0	0	0	475	167	462	167	462	0	475	0	0	462	167	0	0	0	853	462	475
0	0	469	322	748	0	0	0	0	322	945	0	0	0	322	469	0	0	748	469	181	0	748	0	0	748	181	181	0	0	0	0	181	0	131	0	0	0	322	853	0	0	557	557	131	146	161	853	146	557	131	0	0	469	161	0	146	146	853	0	0	0	0	0	358	0	0	469	0	434	0	434	0	0	0	0	434	146	0	0	0	853	434	0
0	0	469	322	748	0	0	0	0	322	945	0	0	0	322	469	0	0	748	469	181	0	748	0	0	748	181	181	0	0	0	0	181	0	131	0	0	0	322	853	0	0	557	557	131	146	161	853	146	557	131	0	0	469	161	0	146	146	853	0	0	0	0	0	358	0	0	469	0	434	0	434	0	0	0	0	434	146	0	0	0	853	434	0
0	0	469	322	748	0	0	0	0	322	945	0	0	0	322	469	0	0	748	469	181	0	748	0	0	748	181	181	0	0	0	0	181	0	131	0	0	0	322	853	0	0	557	557	131	146	161	853	146	557	131	0	0	469	161	0	146	146	853	0	0	0	0	0	358	0	0	469	0	434	0	434	0	0	0	0	434	146	0	0	0	853	434	0
0	0	469	322	0	0	0	0	0	322	945	0	0	0	322	469	0	0	0	469	166	0	413	0	0	0	166	166	0	0	0	0	0	0	131	0	413	0	322	0	0	0	557	557	131	146	147	728	146	557	131	0	147	469	0	0	146	146	728	0	147	0	0	690	358	690	0	469	0	434	0	434	166	0	0	0	434	146	0	0	0	0	434	690
0	0	469	322	0	0	0	0	0	322	945	0	0	0	322	469	0	0	0	469	166	0	413	0	0	0	166	166	0	0	0	0	0	0	131	0	413	0	322	0	0	0	557	557	131	146	147	728	146	557	131	0	147	469	0	0	146	146	728	0	147	0	0	690	358	690	0	469	0	434	0	434	166	0	0	0	434	146	0	0	0	0	434	690
0	0	469	322	0	0	0	0	0	322	945	0	0	0	322	469	0	0	0	469	166	0	413	0	0	0	166	166	0	0	0	0	0	0	131	0	413	0	322	0	0	0	557	557	131	146	147	728	146	557	131	0	147	469	0	0	146	146	728	0	147	0	0	690	358	690	0	469	0	434	0	434	166	0	0	0	434	146	0	0	0	0	434	690
0	0	220	0	464	0	464	0	0	0	684	0	0	684	296	220	0	464	684	220	166	464	413	684	0	684	166	166	0	464	0	903	0	903	0	296	413	0	296	0	0	903	0	0	108	0	147	728	0	108	0	296	147	0	0	0	0	134	728	0	147	0	0	690	134	690	0	0	0	434	0	434	166	0	134	0	434	0	0	0	0	0	434	690
0	0	220	0	464	0	464	0	0	0	684	0	0	684	296	220	0	464	684	220	166	464	413	684	0	684	166	166	0	464	0	903	0	903	0	296	413	0	296	0	0	903	0	0	108	0	147	728	0	108	0	296	147	0	0	0	0	134	728	0	147	0	0	690	134	690	0	0	0	434	0	434	166	0	134	0	434	0	0	0	0	0	434	690
0	0	220	0	464	0	464	0	0	0	684	0	0	684	296	220	0	464	684	220	166	464	413	684	0	684	166	166	0	464	0	903	0	903	0	296	413	0	296	0	0	903	0	0	108	0	147	728	0	108	0	296	147	0	0	0	0	134	728	0	147	0	0	690	134	690	0	0	0	434	0	434	166	0	134	0	434	0	0	0	0	0	434	690
0	0	220	0	464	0	464	0	0	0	684	0	373	684	296	220	692	464	684	220	166	464	0	684	692	684	166	166	0	464	0	903	0	903	373	296	373	0	296	0	0	903	373	0	108	0	128	373	510	108	373	296	0	0	128	0	0	134	0	510	0	0	0	510	134	510	0	510	0	0	692	128	166	0	134	128	0	0	0	0	0	0	0	510
0	0	220	0	464	0	464	0	0	0	684	0	373	684	296	220	692	464	684	220	166	464	0	684	692	684	166	166	0	464	0	903	0	903	373	296	373	0	296	0	0	903	373	0	108	0	128	373	510	108	373	296	0	0	128	0	0	134	0	510	0	0	0	510	134	510	0	510	0	0	692	128	166	0	134	128	0	0	0	0	0	0	0	510
0	0	220	0	464	0	464	0	0	0	684	0	373	684	296	220	692	464	684	220	166	464	0	684	692	684	166	166	0	464	0	903	0	903	373	296	373	0	296	0	0	903	373	0	108	0	128	373	510	108	373	296	0	0	128	0	0	134	0	510	0	0	0	510	134	510	0	510	0	0	692	128	166	0	134	128	0	0	0	0	0	0	0	510
0	580	172	0	406	0	406	0	0	266	580	0	373	580	266	172	692	406	580	172	137	406	580	0	692	580	137	137	0	406	874	766	137	0	373	266	373	0	266	0	0	266	373	0	108	132	128	373	510	108	373	266	406	973	128	0	0	132	0	510	0	0	0	510	132	510	0	510	0	418	692	128	0	0	0	128	0	0	0	0	0	418	0	510
0	580	172	0	406	0	406	0	0	266	580	0	373	580	266	172	692	406	580	172	137	406	580	0	692	580	137	137	0	406	874	766	137	0	373	266	373	0	266	0	0	266	373	0	108	132	128	373	510	108	373	266	406	973	128	0	0	132	0	510	0	0	0	510	132	510	0	510	0	418	692	128	0	0	0	128	0	0	0	0	0	418	0	510
0	580	172	0	406	0	406	0	0	266	580	0	373	580	266	172	692	406	580	172	137	406	580	0	692	580	137	137	0	406	874	766	137	0	373	266	373	0	266	0	0	266	373	0	108	132	128	373	510	108	373	266	406	973	128	0	0	132	0	510	0	0	0	510	132	510	0	510	0	418	692	128	0	0	0	128	0	0	0	0	0	418	0	510
0	580	172	0	406	0	406	0	652	266	580	0	0	580	266	172	652	406	580	172	137	406	580	0	652	580	137	137	169	406	874	766	137	0	332	266	0	0	266	0	0	266	332	0	106	132	0	332	504	106	332	266	406	973	106	454	0	132	0	0	504	0	0	0	132	0	0	106	504	418	652	0	0	0	0	0	0	652	504	0	0	418	0	504
0	580	172	0	406	0	406	0	652	266	580	0	0	580	266	172	652	406	580	172	137	406	580	0	652	580	137	137	169	406	874	766	137	0	332	266	0	0	266	0	0	266	332	0	106	132	0	332	504	106	332	266	406	973	106	454	0	132	0	0	504	0	0	0	132	0	0	106	504	418	652	0	0	0	0	0	0	652	504	0	0	418	0	504
0	580	172	0	406	0	406	0	652	266	580	0	0	580	266	172	652	406	580	172	137	406	580	0	652	580	137	137	169	406	874	766	137	0	332	266	0	0	266	0	0	266	332	0	106	132	0	332	504	106	332	266	406	973	106	454	0	132	0	0	504	0	0	0	132	0	0	106	504	418	652	0	0	0	0	0	0	652	504	0	0	418	0	504
0	237	172	0	0	0	0	585	652	0	0	0	353	0	237	172	652	0	0	172	137	0	0	0	652	0	137	137	169	0	552	614	137	0	332	237	353	0	237	0	898	0	332	0	106	0	237	332	504	106	332	0	237	973	106	454	0	111	0	237	504	0	0	0	111	0	237	106	504	418	652	0	0	0	111	0	0	652	504	0	0	418	0	504
0	237	172	0	0	0	0	585	652	0	0	0	353	0	237	172	652	0	0	172	137	0	0	0	652	0	137	137	169	0	552	614	137	0	332	237	353	0	237	0	898	0	332	0	106	0	237	332	504	106	332	0	237	973	106	454	0	111	0	237	504	0	0	0	111	0	237	106	504	418	652	0	0	0	111	0	0	652	504	0	0	418	0	504
0	237	172	0	0	0	0	585	652	0	0	0	353	0	237	172	652	0	0	172	137	0	0	0	652	0	137	137	169	0	552	614	137	0	332	237	353	0	237	0	898	0	332	0	106	0	237	332	504	106	332	0	237	973	106	454	0	111	0	237	504	0	0	0	111	0	237	106	504	418	652	0	0	0	111	0	0	652	504	0	0	418	0	504
0	237	0	0	408	0	0	585	0	0	0	0	353	0	237	0	0	408	0	110	0	0	0	408	615	0	0	110	127	0	552	614	0	0	127	237	353	0	237	0	898	0	0	0	106	0	237	0	0	106	0	0	237	710	106	408	0	111	0	237	0	0	0	446	111	0	237	106	0	408	0	0	0	446	111	0	0	0	0	0	0	0	408	446
0	237	0	0	408	0	0	585	0	0	0	0	353	0	237	0	0	408	0	110	0	0	0	408	615	0	0	110	127	0	552	614	0	0	127	237	353	0	237	0	898	0	0	0	106	0	237	0	0	106	0	0	237	710	106	408	0	111	0	237	0	0	0	446	111	0	237	106	0	408	0	0	0	446	111	0	0	0	0	0	0	0	408	446
0	237	0	0	408	0	0	585	0	0	0	0	353	0	237	0	0	408	0	110	0	0	0	408	615	0	0	110	127	0	552	614	0	0	127	237	353	0	237	0	898	0	0	0	106	0	237	0	0	106	0	0	237	710	106	408	0	111	0	237	0	0	0	446	111	0	237	106	0	408	0	0	0	446	111	0	0	0	0	0	0	0	408	446
0	0	0	0	408	0	0	395	0	0	450	0	0	0	0	0	0	408	450	110	0	564	347	408	615	564	0	110	127	564	404	452	0	177	127	0	347	0	177	404	452	564	0	404	105	452	0	0	0	0	105	564	0	710	0	408	452	105	0	0	0	0	0	446	105	0	0	0	0	408	564	0	0	446	105	0	0	0	0	0	0	0	408	446
0	0	0	0	408	0	0	395	0	0	450	0	0	0	0	0	0	408	450	110	0	564	347	408	615	564	0	110	127	564	404	452	0	177	127	0	347	0	177	404	452	564	0	404	105	452	0	0	0	0	105	564	0	710	0	408	452	105	0	0	0	0	0	446	105	0	0	0	0	408	564	0	0	446	105	0	0	0	0	0	0	0	408	446
0	0	0	0	408	0	0	395	0	0	450	0	0	0	0	0	0	408	450	110	0	564	347	408	615	564	0	110	127	564	404	452	0	177	127	0	347	0	177	404	452	564	0	404	105	452	0	0	0	0	105	564	0	710	0	408	452	105	0	0	0	0	0	446	105	0	0	0	0	408	564	0	0	446	105	0	0	0	0	0	0	0	408	446
0	0	0	0	0	0	0	395	0	613	450	0	0	0	0	0	613	0	450	110	706	564	347	383	613	564	706	110	127	564	404	452	0	177	127	0	347	383	177	404	452	564	0	404	105	452	0	0	391	0	105	564	0	455	0	383	452	105	0	0	391	0	0	0	105	0	0	0	0	383	564	0	706	0	105	0	0	0	0	0	0	0	0	391
0	0	0	0	0	0	0	395	0	613	450	0	0	0	0	0	613	0	450	110	706	564	347	383	613	564	706	110	127	564	404	452	0	177	127	0	347	383	177	404	452	564	0	404	105	452	0	0	391	0	105	564	0	455	0	383	452	105	0	0	391	0	0	0	105	0	0	0	0	383	564	0	706	0	105	0	0	0	0	0	0	0	0	391
0	0	0	0	0	0	0	395	0	613	450	0	0	0	0	0	613	0	450	110	706	564	347	383	613	564	706	110	127	564	404	452	0	177	127	0	347	383	177	404	452	564	0	404	105	452	0	0	391	0	105	564	0	455	0	383	452	105	0	0	391	0	0	0	105	0	0	0	0	383	564	0	706	0	105	0	0	0	0	0	0	0	0	391
0	0	908	0	0	0	0	168	0	613	393	125	0	0	168	908	613	393	0	0	706	393	125	383	613	125	706	96	0	393	115	0	0	0	115	168	125	383	168	0	451	0	705	0	96	451	168	705	391	96	0	0	168	455	0	383	0	96	705	168	391	743	0	0	0	0	168	0	0	383	0	558	706	0	0	0	558	0	0	0	0	0	0	391
0	0	908	0	0	0	0	168	0	613	393	125	0	0	168	908	613	393	0	0	706	393	125	383	613	125	706	96	0	393	115	0	0	0	115	168	125	383	168	0	451	0	705	0	96	451	168	705	391	96	0	0	168	455	0	383	0	96	705	168	391	743	0	0	0	0	168	0	0	383	0	558	706	0	0	0	558	0	0	0	0	0	0	391
0	0	908	0	0	0	0	168	0	613	393	125	0	0	168	908	613	393	0	0	706	393	125	383	613	125	706	96	0	393	115	0	0	0	115	168	125	383	168	0	451	0	705	0	96	451	168	705	391	96	0	0	168	455	0	383	0	96	705	168	391	743	0	0	0	0	168	0	0	383	0	558	706	0	0	0	558	0	0	0	0	0	0	391
0	0	908	0	0	0	0	168	0	0	393	125	0	0	168	908	388	393	0	388	706	393	125	345	0	125	706	96	0	393	115	0	0	0	115	168	125	345	168	902	451	0	705	470	96	451	168	705	0	96	0	902	168	388	470	0	345	96	705	168	0	743	0	388	0	0	168	388	864	0	0	558	706	0	0	0	558	864	0	0	0	0	0	388
0	0	908	0	0	0	0	168	0	0	393	125	0	0	168	908	388	393	0	388	706	393	125	345	0	125	706	96	0	393	115	0	0	0	115	168	125	345	168	902	451	0	705	470	96	451	168	705	0	96	0	902	168	388	470	0	345	96	705	168	0	743	0	388	0	0	168	388	864	0	0	558	706	0	0	0	558	864	0	0	0	0	0	388
0	0	908	0	0	0	0	168	0	0	393	125	0	0	168	908	388	393	0	388	706	393	125	345	0	125	706	96	0	393	115	0	0	0	115	168	125	345	168	902	451	0	705	470	96	451	168	705	0	96	0	902	168	388	470	0	345	96	705	168	0	743	0	388	0	0	168	388	864	0	0	558	706	0	0	0	558	864	0	0	0	0	0	388
0	0	736	159	0	736	0	0	0	159	393	0	89	0	159	736	388	393	0	388	0	393	0	345	736	0	389	0	0	393	0	0	0	0	89	159	89	345	159	902	451	0	705	470	89	451	159	705	0	0	89	902	159	388	470	0	345	89	705	0	0	389	0	388	89	0	0	388	864	389	736	389	0	0	0	432	389	864	0	736	432	0	389	388
0	0	736	159	0	736	0	0	0	159	393	0	89	0	159	736	388	393	0	388	0	393	0	345	736	0	389	0	0	393	0	0	0	0	89	159	89	345	159	902	451	0	705	470	89	451	159	705	0	0	89	902	159	388	470	0	345	89	705	0	0	389	0	388	89	0	0	388	864	389	736	389	0	0	0	432	389	864	0	736	432	0	389	388
0	0	736	159	0	736	0	0	0	159	393	0	89	0	159	736	388	393	0	388	0	393	0	345	736	0	389	0	0	393	0	0	0	0	89	159	89	345	159	902	451	0	705	470	89	451	159	705	0	0	89	902	159	388	470	0	345	89	705	0	0	389	0	388	89	0	0	388	864	389	736	389	0	0	0	432	389	864	0	736	432	0	389	388
762	0	736	159	762	736	762	0	516	159	343	0	89	516	159	736	0	343	762	325	502	0	0	343	736	762	389	502	0	381	0	300	0	0	89	159	89	0	159	0	300	381	502	470	89	300	159	502	381	502	89	381	159	325	470	343	300	89	502	0	381	389	0	0	89	0	0	325	489	389	736	389	0	0	0	432	389	489	0	736	432	0	389	325
762	0	736	159	762	736	762	0	516	159	343	0	89	516	159	736	0	343	762	325	502	0	0	343	736	762	389	502	0	381	0	300	0	0	89	159	89	0	159	0	300	381	502	470	89	300	159	502	381	502	89	381	159	325	470	343	300	89	502	0	381	389	0	0	89	0	0	325	489	389	736	389	0	0	0	432	389	489	0	736	432	0	389	325
762	0	736	159	762	736	762	0	516	159	343	0	89	516	159	736	0	343	762	325	502	0	0	343	736	762	389	502	0	381	0	300	0	0	89	159	89	0	159	0	300	381	502	470	89	300	159	502	381	502	89	381	159	325	470	343	300	89	502	0	381	389	0	0	89	0	0	325	489	389	736	389	0	0	0	432	389	489	0	736	432	0	389	325
762	0	736	0	762	736	762	148	516	0	343	0	0	516	148	736	0	343	762	325	502	838	0	343	736	762	0	502	0	381	0	300	0	148	0	0	0	838	148	0	300	381	502	0	80	300	101	502	381	502	0	381	0	325	101	343	300	80	502	0	381	0	0	0	80	0	0	325	489	0	736	101	0	0	80	101	0	489	0	736	0	0	0	325
762	0	736	0	762	736	762	148	516	0	343	0	0	516	148	736	0	343	762	325	502	838	0	343	736	762	0	502	0	381	0	300	0	148	0	0	0	838	148	0	300	381	502	0	80	300	101	502	381	502	0	381	0	325	101	343	300	80	502	0	381	0	0	0	80	0	0	325	489	0	736	101	0	0	80	101	0	489	0	736	0	0	0	325
762	0	736	0	762	736	762	148	516	0	343	0	0	516	148	736	0	343	762	325	502	838	0	343	736	762	0	502	0	381	0	300	0	148	0	0	0	838	148	0	300	381	502	0	80	300	101	502	381	502	0	381	0	325	101	343	300	80	502	0	381	0	0	0	80	0	0	325	489	0	736	101	0	0	80	101	0	489	0	736	0	0	0	325
0	0	529	0	438	0	0	148	438	0	343	490	0	438	148	529	0	343	438	325	0	838	0	343	529	0	438	0	0	0	0	294	0	148	449	350	490	838	148	0	294	350	449	0	80	294	101	449	350	0	449	350	0	325	101	343	0	80	449	0	350	0	0	449	80	0	0	325	400	0	529	101	438	449	80	101	0	0	400	0	0	449	0	325
0	0	529	0	438	0	0	148	438	0	343	490	0	438	148	529	0	343	438	325	0	838	0	343	529	0	438	0	0	0	0	294	0	148	449	350	490	838	148	0	294	350	449	0	80	294	101	449	350	0	449	350	0	325	101	343	0	80	449	0	350	0	0	449	80	0	0	325	400	0	529	101	438	449	80	101	0	0	400	0	0	449	0	325
0	0	529	0	438	0	0	148	438	0	343	490	0	438	148	529	0	343	438	325	0	838	0	343	529	0	438	0	0	0	0	294	0	148	449	350	490	838	148	0	294	350	449	0	80	294	101	449	350	0	449	350	0	325	101	343	0	80	449	0	350	0	0	449	80	0	0	325	400	0	529	101	438	449	80	101	0	0	400	0	0	449	0	325
0	0	529	0	438	0	0	148	438	0	129	490	0	438	148	529	0	129	438	0	0	129	0	0	529	0	438	0	0	0	0	294	0	148	449	350	490	0	148	93	294	350	449	93	80	294	0	449	350	0	449	350	800	0	93	0	297	80	449	0	350	0	0	449	80	0	0	93	400	934	529	0	438	449	80	0	0	0	400	0	0	449	376	0
0	0	529	0	438	0	0	148	438	0	129	490	0	438	148	529	0	129	438	0	0	129	0	0	529	0	438	0	0	0	0	294	0	148	449	350	490	0	148	93	294	350	449	93	80	294	0	449	350	0	449	350	800	0	93	0	297	80	449	0	350	0	0	449	80	0	0	93	400	934	529	0	438	449	80	0	0	0	400	0	0	449	376	0
0	0	529	0	438	0	0	148	438	0	129	490	0	438	148	529	0	129	438	0	0	129	0	0	529	0	438	0	0	0	0	294	0	148	449	350	490	0	148	93	294	350	449	93	80	294	0	449	350	0	449	350	800	0	93	0	297	80	449	0	350	0	0	449	80	0	0	93	400	934	529	0	438	449	80	0	0	0	400	0	0	449	376	0
0	0	0	0	438	0	0	0	438	117	129	337	0	438	117	507	0	129	438	507	0	129	0	0	0	0	438	507	0	0	337	294	0	0	337	350	337	0	0	93	294	350	375	93	76	294	551	375	350	0	375	350	800	719	93	0	297	0	375	551	350	0	0	0	0	0	0	93	400	934	0	0	438	0	0	719	0	0	400	0	0	375	376	0
0	0	0	0	438	0	0	0	438	117	129	337	0	438	117	507	0	129	438	507	0	129	0	0	0	0	438	507	0	0	337	294	0	0	337	350	337	0	0	93	294	350	375	93	76	294	551	375	350	0	375	350	800	719	93	0	297	0	375	551	350	0	0	0	0	0	0	93	400	934	0	0	438	0	0	719	0	0	400	0	0	375	376	0
0	0	0	0	438	0	0	0	438	117	129	337	0	438	117	507	0	129	438	507	0	129	0	0	0	0	438	507	0	0	337	294	0	0	337	350	337	0	0	93	294	350	375	93	76	294	551	375	350	0	375	350	800	719	93	0	297	0	375	551	350	0	0	0	0	0	0	93	400	934	0	0	438	0	0	719	0	0	400	0	0	375	376	0
0	120	112	0	0	0	0	0	112	117	120	337	0	120	117	507	0	0	0	507	0	0	817	964	0	817	0	507	0	0	337	0	0	0	337	188	337	0	641	93	0	0	375	93	76	188	551	375	0	0	375	0	188	719	93	964	188	0	375	551	0	0	365	0	0	0	0	93	0	365	0	0	0	0	0	719	365	0	188	0	0	375	365	0
0	120	112	0	0	0	0	0	112	117	120	337	0	120	117	507	0	0	0	507	0	0	817	964	0	817	0	507	0	0	337	0	0	0	337	188	337	0	641	93	0	0	375	93	76	188	551	375	0	0	375	0	188	719	93	964	188	0	375	551	0	0	365	0	0	0	0	93	0	365	0	0	0	0	0	719	365	0	188	0	0	375	365	0
0	120	112	0	0	0	0	0	112	117	120	337	0	120	117	507	0	0	0	507	0	0	817	964	0	817	0	507	0	0	337	0	0	0	337	188	337	0	641	93	0	0	375	93	76	188	551	375	0	0	375	0	188	719	93	964	188	0	375	551	0	0	365	0	0	0	0	93	0	365	0	0	0	0	0	719	365	0	188	0	0	375	365	0
0	120	112	0	0	0	0	0	112	117	120	337	0	120	117	0	0	0	0	72	632	905	817	964	0	817	632	72	905	354	337	905	0	905	337	188	337	632	641	0	0	354	304	0	72	188	82	304	354	72	304	354	188	0	82	964	188	0	0	0	0	0	365	592	0	0	0	0	592	365	592	0	632	592	0	82	365	592	188	0	0	0	365	592
0	120	112	0	0	0	0	0	112	117	120	337	0	120	117	0	0	0	0	72	632	905	817	964	0	817	632	72	905	354	337	905	0	905	337	188	337	632	641	0	0	354	304	0	72	188	82	304	354	72	304	354	188	0	82	964	188	0	0	0	0	0	365	592	0	0	0	0	592	365	592	0	632	592	0	82	365	592	188	0	0	0	365	592
0	120	112	0	0	0	0	0	112	117	120	337	0	120	117	0	0	0	0	72	632	905	817	964	0	817	632	72	905	354	337	905	0	905	337	188	337	632	641	0	0	354	304	0	72	188	82	304	354	72	304	354	188	0	82	964	188	0	0	0	0	0	365	592	0	0	0	0	592	365	592	0	632	592	0	82	365	592	188	0	0	0	365	592
0	0	0	0	466	0	0	0	83	0	0	0	0	83	114	0	0	466	0	72	632	905	466	964	0	0	632	72	905	354	0	905	0	905	83	114	83	632	114	0	0	354	304	0	72	0	82	304	354	72	304	354	114	0	82	964	0	859	0	0	0	0	365	592	859	0	0	0	592	365	592	0	632	592	859	82	365	592	0	0	0	0	365	592
0	0	0	0	466	0	0	0	83	0	0	0	0	83	114	0	0	466	0	72	632	905	466	964	0	0	632	72	905	354	0	905	0	905	83	114	83	632	114	0	0	354	304	0	72	0	82	304	354	72	304	354	114	0	82	964	0	859	0	0	0	0	365	592	859	0	0	0	592	365	592	0	632	592	859	82	365	592	0	0	0	0	365	592
0	0	0	0	466	0	0	0	83	0	0	0	0	83	114	0	0	466	0	72	632	905	466	964	0	0	632	72	905	354	0	905	0	905	83	114	83	632	114	0	0	354	304	0	72	0	82	304	354	72	304	354	114	0	82	964	0	859	0	0	0	0	365	592	859	0	0	0	592	365	592	0	632	592	859	82	365	592	0	0	0	0	365	592
0	0	429	0	466	0	0	0	83	0	0	0	0	83	114	429	0	466	0	0	0	463	466	336	429	0	0	0	463	329	0	0	0	0	83	114	83	336	114	0	0	329	0	0	70	0	0	0	0	0	70	329	114	463	70	336	0	859	0	0	0	0	0	301	859	0	0	463	301	336	429	0	0	0	859	70	0	301	0	0	0	0	336	301
0	0	429	0	466	0	0	0	83	0	0	0	0	83	114	429	0	466	0	0	0	463	466	336	429	0	0	0	463	329	0	0	0	0	83	114	83	336	114	0	0	329	0	0	70	0	0	0	0	0	70	329	114	463	70	336	0	859	0	0	0	0	0	301	859	0	0	463	301	336	429	0	0	0	859	70	0	301	0	0	0	0	336	301
0	0	429	0	466	0	0	0	83	0	0	0	0	83	114	429	0	466	0	0	0	463	466	336	429	0	0	0	463	329	0	0	0	0	83	114	83	336	114	0	0	329	0	0	70	0	0	0	0	0	70	329	114	463	70	336	0	859	0	0	0	0	0	301	859	0	0	463	301	336	429	0	0	0	859	70	0	301	0	0	0	0	336	301
0	0	429	600	466	0	0	0	83	0	600	0	0	83	0	429	0	466	600	0	0	463	466	336	429	0	600	761	463	329	0	608	546	608	83	109	83	336	0	0	608	329	0	0	70	109	608	858	827	761	70	329	109	463	70	336	109	788	858	608	0	858	0	301	858	0	0	463	301	336	429	600	0	0	0	70	600	301	109	0	0	0	336	301
0	0	429	600	466	0	0	0	83	0	600	0	0	83	0	429	0	466	600	0	0	463	466	336	429	0	600	761	463	329	0	608	546	608	83	109	83	336	0	0	608	329	0	0	70	109	608	858	827	761	70	329	109	463	70	336	109	788	858	608	0	858	0	301	858	0	0	463	301	336	429	600	0	0	0	70	600	301	109	0	0	0	336	301
0	0	429	600	466	0	0	0	83	0	600	0	0	83	0	429	0	466	600	0	0	463	466	336	429	0	600	761	463	329	0	608	546	608	83	109	83	336	0	0	608	329	0	0	70	109	608	858	827	761	70	329	109	463	70	336	109	788	858	608	0	858	0	301	858	0	0	463	301	336	429	600	0	0	0	70	600	301	109	0	0	0	336	301
0	0	0	600	0	0	0	0	0	0	600	0	0	0	0	204	0	275	600	204	378	0	0	275	0	0	600	761	0	329	968	608	546	608	67	109	0	0	0	968	608	329	0	968	67	109	608	858	827	761	67	329	109	204	0	275	109	788	858	608	0	858	0	0	858	0	0	204	0	275	0	600	0	0	0	0	600	0	109	0	0	0	275	204
0	0	0	600	0	0	0	0	0	0	600	0	0	0	0	204	0	275	600	204	378	0	0	275	0	0	600	761	0	329	968	608	546	608	67	109	0	0	0	968	608	329	0	968	67	109	608	858	827	761	67	329	109	204	0	275	109	788	858	608	0	858	0	0	858	0	0	204	0	275	0	600	0	0	0	0	600	0	109	0	0	0	275	204
0	0	0	600	0	0	0	0	0	0	600	0	0	0	0	204	0	275	600	204	378	0	0	275	0	0	600	761	0	329	968	608	546	608	67	109	0	0	0	968	608	329	0	968	67	109	608	858	827	761	67	329	109	204	0	275	109	788	858	608	0	858	0	0	858	0	0	204	0	275	0	600	0	0	0	0	600	0	109	0	0	0	275	204
534	0	0	0	534	0	534	0	0	878	0	878	0	0	263	204	0	275	534	204	378	437	534	275	255	534	0	519	437	92	968	0	263	437	67	0	733	0	263	968	0	0	0	968	67	84	57	0	431	0	67	92	84	204	57	275	0	431	57	0	0	0	0	0	0	0	0	204	670	275	670	0	0	0	0	0	0	670	0	0	0	0	275	204
534	0	0	0	534	0	534	0	0	878	0	878	0	0	263	204	0	275	534	204	378	437	534	275	255	534	0	519	437	92	968	0	263	437	67	0	733	0	263	968	0	0	0	968	67	84	57	0	431	0	67	92	84	204	57	275	0	431	57	0	0	0	0	0	0	0	0	204	670	275	670	0	0	0	0	0	0	670	0	0	0	0	275	204
534	0	0	0	534	0	534	0	0	878	0	878	0	0	263	204	0	275	534	204	378	437	534	275	255	534	0	519	437	92	968	0	263	437	67	0	733	0	263	968	0	0	0	968	67	84	57	0	431	0	67	92	84	204	57	275	0	431	57	0	0	0	0	0	0	0	0	204	670	275	670	0	0	0	0	0	0	670	0	0	0	0	275	204
534	0	0	0	534	0	534	0	0	878	103	878	0	0	263	192	0	103	534	192	116	437	534	103	255	534	116	519	437	92	0	0	263	437	67	0	733	0	263	837	0	0	0	837	67	84	57	0	431	0	67	92	84	192	57	0	103	431	57	0	0	0	0	0	0	0	0	192	670	0	670	0	0	0	0	0	0	670	0	0	0	0	0	0
534	0	0	0	534	0	534	0	0	878	103	878	0	0	263	192	0	103	534	192	116	437	534	103	255	534	116	519	437	92	0	0	263	437	67	0	733	0	263	837	0	0	0	837	67	84	57	0	431	0	67	92	84	192	57	0	103	431	57	0	0	0	0	0	0	0	0	192	670	0	670	0	0	0	0	0	0	670	0	0	0	0	0	0
534	0	0	0	534	0	534	0	0	878	103	878	0	0	263	192	0	103	534	192	116	437	534	103	255	534	116	519	437	92	0	0	263	437	67	0	733	0	263	837	0	0	0	837	67	84	57	0	431	0	67	92	84	192	57	0	103	431	57	0	0	0	0	0	0	0	0	192	670	0	670	0	0	0	0	0	0	670	0	0	0	0	0	0
534	0	0	0	534	0	534	0	0	878	103	878	0	0	263	192	157	103	534	192	116	55	534	103	157	534	116	492	0	55	0	604	263	0	64	0	64	0	263	837	0	0	604	837	64	0	55	0	0	492	64	0	55	192	0	0	103	64	0	0	0	0	0	145	0	145	0	192	0	396	157	0	0	0	0	0	0	0	0	157	0	0	396	145
534	0	0	0	534	0	534	0	0	878	103	878	0	0	263	192	157	103	534	192	116	55	534	103	157	534	116	492	0	55	0	604	263	0	64	0	64	0	263	837	0	0	604	837	64	0	55	0	0	492	64	0	55	192	0	0	103	64	0	0	0	0	0	145	0	145	0	192	0	396	157	0	0	0	0	0	0	0	0	157	0	0	396	145
534	0	0	0	534	0	534	0	0	878	103	878	0	0	263	192	157	103	534	192	116	55	534	103	157	534	116	492	0	55	0	604	263	0	64	0	64	0	263	837	0	0	604	837	64	0	55	0	0	492	64	0	55	192	0	0	103	64	0	0	0	0	0	145	0	145	0	192	0	396	157	0	0	0	0	0	0	0	0	157	0	0	396	145
0	0	0	123	85	0	0	0	0	123	0	0	0	0	123	192	157	85	0	192	91	55	0	85	157	0	91	492	0	55	649	604	0	0	64	123	64	0	123	649	0	0	604	0	64	0	55	649	738	492	64	0	55	192	0	0	0	64	0	738	0	0	0	145	0	145	0	192	0	396	157	0	0	0	0	0	0	0	0	157	0	0	396	145
0	0	0	123	85	0	0	0	0	123	0	0	0	0	123	192	157	85	0	192	91	55	0	85	157	0	91	492	0	55	649	604	0	0	64	123	64	0	123	649	0	0	604	0	64	0	55	649	738	492	64	0	55	192	0	0	0	64	0	738	0	0	0	145	0	145	0	192	0	396	157	0	0	0	0	0	0	0	0	157	0	0	396	145
0	0	0	123	85	0	0	0	0	123	0	0	0	0	123	192	157	85	0	192	91	55	0	85	157	0	91	492	0	55	649	604	0	0	64	123	64	0	123	649	0	0	604	0	64	0	55	649	738	492	64	0	55	192	0	0	0	64	0	738	0	0	0	145	0	145	0	192	0	396	157	0	0	0	0	0	0	0	0	157	0	0	396	145
0	0	0	123	85	0	0	0	0	123	0	0	0	0	123	0	157	85	0	0	91	0	0	85	157	0	91	492	0	54	649	604	0	0	0	123	0	0	123	649	0	725	604	0	53	54	0	649	738	492	0	0	54	0	53	274	0	0	0	738	0	0	0	90	0	0	0	90	0	396	157	53	0	0	0	53	320	0	0	157	320	0	396	90
0	0	0	123	85	0	0	0	0	123	0	0	0	0	123	0	157	85	0	0	91	0	0	85	157	0	91	492	0	54	649	604	0	0	0	123	0	0	123	649	0	725	604	0	53	54	0	649	738	492	0	0	54	0	53	274	0	0	0	738	0	0	0	90	0	0	0	90	0	396	157	53	0	0	0	53	320	0	0	157	320	0	396	90
0	0	0	123	85	0	0	0	0	123	0	0	0	0	123	0	157	85	0	0	91	0	0	85	157	0	91	492	0	54	649	604	0	0	0	123	0	0	123	649	0	725	604	0	53	54	0	649	738	492	0	0	54	0	53	274	0	0	0	738	0	0	0	90	0	0	0	90	0	396	157	53	0	0	0	53	320	0	0	157	320	0	396	90
0	0	73	113	75	0	75	0	0	113	0	0	0	0	113	73	0	0	75	0	0	0	0	0	73	0	75	0	0	54	533	0	0	0	533	0	0	0	0	533	0	725	368	368	53	54	0	0	302	368	0	0	54	0	53	274	0	0	0	0	0	374	0	90	0	0	486	90	622	374	0	53	75	0	0	53	320	622	0	0	320	0	374	90
0	0	73	113	75	0	75	0	0	113	0	0	0	0	113	73	0	0	75	0	0	0	0	0	73	0	75	0	0	54	533	0	0	0	533	0	0	0	0	533	0	725	368	368	53	54	0	0	302	368	0	0	54	0	53	274	0	0	0	0	0	374	0	90	0	0	486	90	622	374	0	53	75	0	0	53	320	622	0	0	320	0	374	90
0	0	73	113	75	0	75	0	0	113	0	0	0	0	113	73	0	0	75	0	0	0	0	0	73	0	75	0	0	54	533	0	0	0	533	0	0	0	0	533	0	725	368	368	53	54	0	0	302	368	0	0	54	0	53	274	0	0	0	0	0	374	0	90	0	0	486	90	622	374	0	53	75	0	0	53	320	622	0	0	320	0	374	90
0	866	73	113	75	0	75	0	0	113	0	0	0	866	113	73	0	0	75	0	775	581	194	0	73	194	75	775	581	0	533	45	775	0	533	581	194	581	0	533	45	581	368	368	48	45	52	0	302	368	48	581	0	0	52	45	0	48	0	0	0	374	0	90	48	0	486	90	622	374	0	0	75	0	0	52	0	622	0	0	52	0	374	90
0	866	73	113	75	0	75	0	0	113	0	0	0	866	113	73	0	0	75	0	775	581	194	0	73	194	75	775	581	0	533	45	775	0	533	581	194	581	0	533	45	581	368	368	48	45	52	0	302	368	48	581	0	0	52	45	0	48	0	0	0	374	0	90	48	0	486	90	622	374	0	0	75	0	0	52	0	622	0	0	52	0	374	90
0	866	73	113	75	0	75	0	0	113	0	0	0	866	113	73	0	0	75	0	775	581	194	0	73	194	75	775	581	0	533	45	775	0	533	581	194	581	0	533	45	581	368	368	48	45	52	0	302	368	48	581	0	0	52	45	0	48	0	0	0	374	0	90	48	0	486	90	622	374	0	0	75	0	0	52	0	622	0	0	52	0	374	90
0	866	0	0	51	0	51	0	0	0	0	0	0	866	97	61	0	51	0	61	775	581	194	51	0	194	0	775	581	0	533	45	775	98	533	581	194	581	98	533	45	581	368	368	48	45	52	0	288	368	48	581	907	61	52	45	51	48	0	288	0	374	0	0	48	0	288	61	622	374	0	0	0	0	0	52	0	622	0	0	52	0	374	0
0	866	0	0	51	0	51	0	0	0	0	0	0	866	97	61	0	51	0	61	775	581	194	51	0	194	0	775	581	0	533	45	775	98	533	581	194	581	98	533	45	581	368	368	48	45	52	0	288	368	48	581	907	61	52	45	51	48	0	288	0	374	0	0	48	0	288	61	622	374	0	0	0	0	0	52	0	622	0	0	52	0	374	0
0	866	0	0	51	0	51	0	0	0	0	0	0	866	97	61	0	51	0	61	775	581	194	51	0	194	0	775	581	0	533	45	775	98	533	581	194	581	98	533	45	581	368	368	48	45	52	0	288	368	48	581	907	61	52	45	51	48	0	288	0	374	0	0	48	0	288	61	622	374	0	0	0	0	0	52	0	622	0	0	52	0	374	0
0	0	0	0	51	0	51	0	0	0	610	0	0	610	97	61	522	51	610	61	522	87	0	51	522	87	610	522	0	87	522	45	522	98	0	0	0	0	98	0	45	0	0	0	43	45	0	0	288	43	0	87	907	61	43	45	51	0	0	288	0	0	0	0	0	0	288	61	340	265	340	0	610	0	0	43	265	340	0	0	0	0	265	340
0	0	0	0	51	0	51	0	0	0	610	0	0	610	97	61	522	51	610	61	522	87	0	51	522	87	610	522	0	87	522	45	522	98	0	0	0	0	98	0	45	0	0	0	43	45	0	0	288	43	0	87	907	61	43	45	51	0	0	288	0	0	0	0	0	0	288	61	340	265	340	0	610	0	0	43	265	340	0	0	0	0	265	340
0	0	0	0	51	0	51	0	0	0	610	0	0	610	97	61	522	51	610	61	522	87	0	51	522	87	610	522	0	87	522	45	522	98	0	0	0	0	98	0	45	0	0	0	43	45	0	0	288	43	0	87	907	61	43	45	51	0	0	288	0	0	0	0	0	0	288	61	340	265	340	0	610	0	0	43	265	340	0	0	0	0	265	340
0	0	0	0	0	0	0	86	0	0	610	0	0	610	86	61	522	0	610	61	522	87	0	0	522	87	610	522	0	87	522	0	522	0	0	86	0	0	86	640	0	0	0	0	43	40	86	640	0	43	0	87	86	61	43	0	40	40	640	86	0	640	0	0	640	0	0	61	340	265	340	0	610	0	0	43	265	340	40	0	0	0	265	340
0	0	0	0	0	0	0	86	0	0	610	0	0	610	86	61	522	0	610	61	522	87	0	0	522	87	610	522	0	87	522	0	522	0	0	86	0	0	86	640	0	0	0	0	43	40	86	640	0	43	0	87	86	61	43	0	40	40	640	86	0	640	0	0	640	0	0	61	340	265	340	0	610	0	0	43	265	340	40	0	0	0	265	340
0	0	0	0	0	0	0	86	0	0	610	0	0	610	86	61	522	0	610	61	522	87	0	0	522	87	610	522	0	87	522	0	522	0	0	86	0	0	86	640	0	0	0	0	43	40	86	640	0	43	0	87	86	61	43	0	40	40	640	86	0	640	0	0	640	0	0	61	340	265	340	0	610	0	0	43	265	340	40	0	0	0	265	340
0	0	0	0	0	0	0	86	77	0	0	0	0	77	86	0	0	0	0	42	0	87	0	0	0	87	0	42	667	87	0	667	0	667	77	86	77	0	86	640	0	667	77	0	42	40	86	640	667	42	77	87	86	0	0	0	40	40	640	86	0	640	0	0	640	0	0	0	340	265	340	0	0	0	764	0	265	340	40	0	0	0	265	340
0	0	0	0	0	0	0	86	77	0	0	0	0	77	86	0	0	0	0	42	0	87	0	0	0	87	0	42	667	87	0	667	0	667	77	86	77	0	86	640	0	667	77	0	42	40	86	640	667	42	77	87	86	0	0	0	40	40	640	86	0	640	0	0	640	0	0	0	340	265	340	0	0	0	764	0	265	340	40	0	0	0	265	340
0	0	0	0	0	0	0	86	77	0	0	0	0	77	86	0	0	0	0	42	0	87	0	0	0	87	0	42	667	87	0	667	0	667	77	86	77	0	86	640	0	667	77	0	42	40	86	640	667	42	77	87	86	0	0	0	40	40	640	86	0	640	0	0	640	0	0	0	340	265	340	0	0	0	764	0	265	340	40	0	0	0	265	340
0	78	991	0	0	0	0	0	77	0	521	0	0	77	78	991	0	158	521	42	578	71	0	158	991	0	521	42	667	71	0	667	0	667	77	78	77	0	78	640	0	667	77	0	42	40	71	640	667	42	77	78	71	578	0	158	40	40	640	0	0	640	0	225	640	0	0	0	225	158	225	0	521	225	764	0	0	225	40	0	0	0	0	225
0	78	991	0	0	0	0	0	77	0	521	0	0	77	78	991	0	158	521	42	578	71	0	158	991	0	521	42	667	71	0	667	0	667	77	78	77	0	78	640	0	667	77	0	42	40	71	640	667	42	77	78	71	578	0	158	40	40	640	0	0	640	0	225	640	0	0	0	225	158	225	0	521	225	764	0	0	225	40	0	0	0	0	225
0	78	991	0	0	0	0	0	77	0	521	0	0	77	78	991	0	158	521	42	578	71	0	158	991	0	521	42	667	71	0	667	0	667	77	78	77	0	78	640	0	667	77	0	42	40	71	640	667	42	77	78	71	578	0	158	40	40	640	0	0	640	0	225	640	0	0	0	225	158	225	0	521	225	764	0	0	225	40	0	0	0	0	225
0	78	991	0	0	0	0	0	0	0	521	60	0	0	78	991	0	158	521	0	578	71	60	158	991	60	521	0	0	71	609	0	0	0	0	78	60	0	78	609	0	0	0	0	41	38	71	609	38	0	41	78	71	578	41	158	0	38	609	0	0	249	0	225	609	0	0	41	225	158	225	0	521	225	609	0	0	225	0	0	0	0	249	225
0	78	991	0	0	0	0	0	0	0	521	60	0	0	78	991	0	158	521	0	578	71	60	158	991	60	521	0	0	71	609	0	0	0	0	78	60	0	78	609	0	0	0	0	41	38	71	609	38	0	41	78	71	578	41	158	0	38	609	0	0	249	0	225	609	0	0	41	225	158	225	0	521	225	609	0	0	225	0	0	0	0	249	225
0	78	991	0	0	0	0	0	0	0	521	60	0	0	78	991	0	158	521	0	578	71	60	158	991	60	521	0	0	71	609	0	0	0	0	78	60	0	78	609	0	0	0	0	41	38	71	609	38	0	41	78	71	578	41	158	0	38	609	0	0	249	0	225	609	0	0	41	225	158	225	0	521	225	609	0	0	225	0	0	0	0	249	225
0	0	153	62	0	0	0	0	0	62	415	60	0	0	62	153	0	47	415	142	0	47	60	0	153	60	415	0	663	47	609	0	0	0	663	0	60	0	62	609	0	0	663	0	41	38	47	609	38	663	41	0	47	142	41	0	0	38	609	0	0	249	0	0	609	0	0	41	0	0	153	0	415	0	609	142	0	0	0	153	0	0	249	0
0	0	153	62	0	0	0	0	0	62	415	60	0	0	62	153	0	47	415	142	0	47	60	0	153	60	415	0	663	47	609	0	0	0	663	0	60	0	62	609	0	0	663	0	41	38	47	609	38	663	41	0	47	142	41	0	0	38	609	0	0	249	0	0	609	0	0	41	0	0	153	0	415	0	609	142	0	0	0	153	0	0	249	0
0	0	153	62	0	0	0	0	0	62	415	60	0	0	62	153	0	47	415	142	0	47	60	0	153	60	415	0	663	47	609	0	0	0	663	0	60	0	62	609	0	0	663	0	41	38	47	609	38	663	41	0	47	142	41	0	0	38	609	0	0	249	0	0	609	0	0	41	0	0	153	0	415	0	609	142	0	0	0	153	0	0	249	0
0	0	153	62	0	0	0	0	0	62	415	60	0	0	62	153	0	47	415	142	0	47	60	0	153	60	415	541	663	47	541	0	541	0	663	843	60	0	62	0	843	0	663	0	41	38	47	487	38	663	41	843	47	142	41	0	0	38	487	0	0	0	0	215	0	215	0	41	215	154	153	0	415	0	0	142	0	215	0	153	0	0	154	215
0	0	153	62	0	0	0	0	0	62	415	60	0	0	62	153	0	47	415	142	0	47	60	0	153	60	415	541	663	47	541	0	541	0	663	843	60	0	62	0	843	0	663	0	41	38	47	487	38	663	41	843	47	142	41	0	0	38	487	0	0	0	0	215	0	215	0	41	215	154	153	0	415	0	0	142	0	215	0	153	0	0	154	215
0	0	153	62	0	0	0	0	0	62	415	60	0	0	62	153	0	47	415	142	0	47	60	0	153	60	415	541	663	47	541	0	541	0	663	843	60	0	62	0	843	0	663	0	41	38	47	487	38	663	41	843	47	142	41	0	0	38	487	0	0	0	0	215	0	215	0	41	215	154	153	0	415	0	0	142	0	215	0	153	0	0	154	215
0	0	153	0	0	0	0	0	0	49	0	0	0	0	49	153	0	47	0	142	410	47	46	0	153	0	410	541	0	47	541	0	541	0	0	843	46	410	0	0	843	0	0	0	32	0	47	487	0	32	0	843	47	142	0	0	0	32	487	0	0	0	0	215	0	215	0	0	215	154	153	0	0	0	0	142	0	215	0	153	0	0	154	215
0	0	153	0	0	0	0	0	0	49	0	0	0	0	49	153	0	47	0	142	410	47	46	0	153	0	410	541	0	47	541	0	541	0	0	843	46	410	0	0	843	0	0	0	32	0	47	487	0	32	0	843	47	142	0	0	0	32	487	0	0	0	0	215	0	215	0	0	215	154	153	0	0	0	0	142	0	215	0	153	0	0	154	215
0	0	153	0	0	0	0	0	0	49	0	0	0	0	49	153	0	47	0	142	410	47	46	0	153	0	410	541	0	47	541	0	541	0	0	843	46	410	0	0	843	0	0	0	32	0	47	487	0	32	0	843	47	142	0	0	0	32	487	0	0	0	0	215	0	215	0	0	215	154	153	0	0	0	0	142	0	215	0	153	0	0	154	215
0	0	0	0	0	0	0	0	0	49	930	0	0	930	49	130	0	0	930	130	410	0	46	0	0	0	410	130	0	25	0	239	0	0	124	397	46	410	0	0	0	239	124	0	32	25	0	124	239	32	124	397	25	0	333	25	651	32	0	239	0	149	0	184	0	0	239	333	184	149	0	0	0	0	257	0	0	184	651	0	0	939	149	184
0	0	0	0	0	0	0	0	0	49	930	0	0	930	49	130	0	0	930	130	410	0	46	0	0	0	410	130	0	25	0	239	0	0	124	397	46	410	0	0	0	239	124	0	32	25	0	124	239	32	124	397	25	0	333	25	651	32	0	239	0	149	0	184	0	0	239	333	184	149	0	0	0	0	257	0	0	184	651	0	0	939	149	184
0	0	0	0	0	0	0	0	0	49	930	0	0	930	49	130	0	0	930	130	410	0	46	0	0	0	410	130	0	25	0	239	0	0	124	397	46	410	0	0	0	239	124	0	32	25	0	124	239	32	124	397	25	0	333	25	651	32	0	239	0	149	0	184	0	0	239	333	184	149	0	0	0	0	257	0	0	184	651	0	0	939	149	184
0	39	0	0	530	0	530	0	0	0	930	0	0	930	39	130	0	530	930	130	39	0	46	530	0	620	39	130	0	25	846	239	0	426	124	397	46	39	426	846	0	239	124	0	32	25	0	124	239	32	124	397	25	0	333	25	651	32	0	239	0	149	0	184	0	0	239	333	184	149	0	0	0	0	257	0	0	184	651	0	0	939	149	184
0	39	0	0	530	0	530	0	0	0	930	0	0	930	39	130	0	530	930	130	39	0	46	530	0	620	39	130	0	25	846	239	0	426	124	397	46	39	426	846	0	239	124	0	32	25	0	124	239	32	124	397	25	0	333	25	651	32	0	239	0	149	0	184	0	0	239	333	184	149	0	0	0	0	257	0	0	184	651	0	0	939	149	184
0	39	0	0	530	0	530	0	0	0	930	0	0	930	39	130	0	530	930	130	39	0	46	530	0	620	39	130	0	25	846	239	0	426	124	397	46	39	426	846	0	239	124	0	32	25	0	124	239	32	124	397	25	0	333	25	651	32	0	239	0	149	0	184	0	0	239	333	184	149	0	0	0	0	257	0	0	184	651	0	0	939	149	184
0	39	0	0	530	0	530	0	0	0	930	0	826	930	39	107	230	530	930	107	39	17	0	530	230	620	39	107	31	17	846	0	0	426	31	397	31	39	426	846	0	0	0	0	29	0	17	0	0	0	29	397	17	151	0	0	494	29	344	17	0	149	0	0	29	0	17	151	0	149	150	0	0	0	29	0	459	0	494	150	459	344	149	151
0	39	0	0	530	0	530	0	0	0	930	0	826	930	39	107	230	530	930	107	39	17	0	530	230	620	39	107	31	17	846	0	0	426	31	397	31	39	426	846	0	0	0	0	29	0	17	0	0	0	29	397	17	151	0	0	494	29	344	17	0	149	0	0	29	0	17	151	0	149	150	0	0	0	29	0	459	0	494	150	459	344	149	151
0	39	0	0	530	0	530	0	0	0	930	0	826	930	39	107	230	530	930	107	39	17	0	530	230	620	39	107	31	17	846	0	0	426	31	397	31	39	426	846	0	0	0	0	29	0	17	0	0	0	29	397	17	151	0	0	494	29	344	17	0	149	0	0	29	0	17	151	0	149	150	0	0	0	29	0	459	0	494	150	459	344	149	151
0	0	0	0	0	0	0	37	0	568	711	568	826	711	37	107	230	122	0	107	0	17	236	122	230	236	0	107	31	17	823	0	0	0	31	37	31	0	37	823	0	0	0	0	29	0	17	0	0	0	29	37	17	151	0	122	494	29	344	17	0	0	0	0	29	0	17	151	0	122	150	0	0	0	29	0	459	0	494	150	459	344	0	151
0	0	0	0	0	0	0	37	0	568	711	568	826	711	37	107	230	122	0	107	0	17	236	122	230	236	0	107	31	17	823	0	0	0	31	37	31	0	37	823	0	0	0	0	29	0	17	0	0	0	29	37	17	151	0	122	494	29	344	17	0	0	0	0	29	0	17	151	0	122	150	0	0	0	29	0	459	0	494	150	459	344	0	151
0	0	0	0	0	0	0	37	0	568	711	568	826	711	37	107	230	122	0	107	0	17	236	122	230	236	0	107	31	17	823	0	0	0	31	37	31	0	37	823	0	0	0	0	29	0	17	0	0	0	29	37	17	151	0	122	494	29	344	17	0	0	0	0	29	0	17	151	0	122	150	0	0	0	29	0	459	0	494	150	459	344	0	151
0	0	94	0	0	0	0	37	0	568	711	568	15	711	37	94	0	122	0	0	0	0	236	122	94	236	0	0	0	0	823	143	0	0	15	37	15	0	37	823	0	543	15	933	0	205	14	0	543	0	15	37	0	133	14	122	205	0	14	0	0	0	0	133	0	0	0	133	0	122	94	0	0	0	0	14	459	205	0	94	459	0	0	133
0	0	94	0	0	0	0	37	0	568	711	568	15	711	37	94	0	122	0	0	0	0	236	122	94	236	0	0	0	0	823	143	0	0	15	37	15	0	37	823	0	543	15	933	0	205	14	0	543	0	15	37	0	133	14	122	205	0	14	0	0	0	0	133	0	0	0	133	0	122	94	0	0	0	0	14	459	205	0	94	459	0	0	133
0	0	94	0	0	0	0	37	0	568	711	568	15	711	37	94	0	122	0	0	0	0	236	122	94	236	0	0	0	0	823	143	0	0	15	37	15	0	37	823	0	543	15	933	0	205	14	0	543	0	15	37	0	133	14	122	205	0	14	0	0	0	0	133	0	0	0	133	0	122	94	0	0	0	0	14	459	205	0	94	459	0	0	133
0	0	94	0	0	0	0	37	0	457	497	0	15	497	37	94	0	119	0	0	165	179	0	119	94	179	165	165	0	179	823	143	0	0	15	37	15	0	37	823	0	543	15	933	0	205	14	0	543	0	15	37	0	133	14	119	205	0	14	0	746	0	0	133	0	0	0	133	989	119	94	500	165	0	0	14	456	205	989	94	0	211	746	133
0	0	94	0	0	0	0	37	0	457	497	0	15	497	37	94	0	119	0	0	165	179	0	119	94	179	165	165	0	179	823	143	0	0	15	37	15	0	37	823	0	543	15	933	0	205	14	0	543	0	15	37	0	133	14	119	205	0	14	0	746	0	0	133	0	0	0	133	989	119	94	500	165	0	0	14	456	205	989	94	0	211	746	133
0	0	94	0	0	0	0	37	0	457	497	0	15	497	37	94	0	119	0	0	165	179	0	119	94	179	165	165	0	179	823	143	0	0	15	37	15	0	37	823	0	543	15	933	0	205	14	0	543	0	15	37	0	133	14	119	205	0	14	0	746	0	0	133	0	0	0	133	989	119	94	500	165	0	0	14	456	205	989	94	0	211	746	133
0	0	58	0	0	0	0	0	0	457	497	0	0	497	0	58	69	119	0	69	165	179	0	119	58	179	165	165	0	179	671	140	0	0	0	13	0	0	13	671	0	140	0	671	10	141	13	0	140	0	10	30	13	69	0	119	141	0	0	13	746	0	0	0	0	0	0	69	989	119	0	500	165	0	0	0	456	141	989	0	0	211	746	0
0	0	58	0	0	0	0	0	0	457	497	0	0	497	0	58	69	119	0	69	165	179	0	119	58	179	165	165	0	179	671	140	0	0	0	13	0	0	13	671	0	140	0	671	10	141	13	0	140	0	10	30	13	69	0	119	141	0	0	13	746	0	0	0	0	0	0	69	989	119	0	500	165	0	0	0	456	141	989	0	0	211	746	0
0	0	58	0	0	0	0	0	0	457	497	0	0	497	0	58	69	119	0	69	165	179	0	119	58	179	165	165	0	179	671	140	0	0	0	13	0	0	13	671	0	140	0	671	10	141	13	0	140	0	10	30	13	69	0	119	141	0	0	13	746	0	0	0	0	0	0	69	989	119	0	500	165	0	0	0	456	141	989	0	0	211	746	0
0	0	58	385	511	0	511	0	0	385	428	0	28	428	0	58	69	0	511	69	0	179	0	0	58	179	88	0	28	179	671	140	0	0	28	13	28	0	13	671	0	140	229	671	10	141	13	229	140	229	10	30	13	69	248	0	141	0	574	13	0	0	921	0	574	0	0	69	989	88	0	88	0	0	574	248	88	141	989	0	248	135	88	0
0	0	58	385	511	0	511	0	0	385	428	0	28	428	0	58	69	0	511	69	0	179	0	0	58	179	88	0	28	179	671	140	0	0	28	13	28	0	13	671	0	140	229	671	10	141	13	229	140	229	10	30	13	69	248	0	141	0	574	13	0	0	921	0	574	0	0	69	989	88	0	88	0	0	574	248	88	141	989	0	248	135	88	0
0	0	58	385	511	0	511	0	0	385	428	0	28	428	0	58	69	0	511	69	0	179	0	0	58	179	88	0	28	179	671	140	0	0	28	13	28	0	13	671	0	140	229	671	10	141	13	229	140	229	10	30	13	69	248	0	141	0	574	13	0	0	921	0	574	0	0	69	989	88	0	88	0	0	574	248	88	141	989	0	248	135	88	0
0	0	0	385	511	0	511	12	0	385	428	0	28	428	12	35	69	0	511	69	191	63	0	0	35	63	88	144	28	0	144	140	144	0	28	12	28	191	12	0	0	140	229	0	10	0	0	229	140	229	10	12	0	69	248	0	0	0	574	0	0	0	921	203	574	203	0	69	121	88	35	88	0	0	574	248	88	121	0	35	248	135	88	121
0	0	0	385	511	0	511	12	0	385	428	0	28	428	12	35	69	0	511	69	191	63	0	0	35	63	88	144	28	0	144	140	144	0	28	12	28	191	12	0	0	140	229	0	10	0	0	229	140	229	10	12	0	69	248	0	0	0	574	0	0	0	921	203	574	203	0	69	121	88	35	88	0	0	574	248	88	121	0	35	248	135	88	121
0	0	0	385	511	0	511	12	0	385	428	0	28	428	12	35	69	0	511	69	191	63	0	0	35	63	88	144	28	0	144	140	144	0	28	12	28	191	12	0	0	140	229	0	10	0	0	229	140	229	10	12	0	69	248	0	0	0	574	0	0	0	921	203	574	203	0	69	121	88	35	88	0	0	574	248	88	121	0	35	248	135	88	121
0	0	0	309	27	0	0	12	74	309	328	9	0	328	12	35	66	27	328	66	191	63	0	27	35	63	0	144	0	0	144	138	144	0	9	12	9	191	12	0	138	0	229	0	9	138	0	229	0	229	9	12	0	0	189	27	0	9	555	0	0	0	868	203	555	203	0	0	121	27	35	0	0	0	555	189	0	121	0	35	189	9	0	121
0	0	0	309	27	0	0	12	74	309	328	9	0	328	12	35	66	27	328	66	191	63	0	27	35	63	0	144	0	0	144	138	144	0	9	12	9	191	12	0	138	0	229	0	9	138	0	229	0	229	9	12	0	0	189	27	0	9	555	0	0	0	868	203	555	203	0	0	121	27	35	0	0	0	555	189	0	121	0	35	189	9	0	121
0	0	0	309	27	0	0	12	74	309	328	9	0	328	12	35	66	27	328	66	191	63	0	27	35	63	0	144	0	0	144	138	144	0	9	12	9	191	12	0	138	0	229	0	9	138	0	229	0	229	9	12	0	0	189	27	0	9	555	0	0	0	868	203	555	203	0	0	121	27	35	0	0	0	555	189	0	121	0	35	189	9	0	121
0	6	0	309	27	0	0	0	74	309	328	9	573	328	6	0	66	27	328	66	65	26	0	27	0	26	341	65	26	0	0	138	0	0	9	6	9	0	6	745	138	171	0	745	9	138	6	0	171	65	9	0	6	0	189	27	0	9	555	171	0	0	868	118	555	118	171	0	118	27	26	341	0	0	555	189	341	0	0	0	189	9	0	118
0	6	0	309	27	0	0	0	74	309	328	9	573	328	6	0	66	27	328	66	65	26	0	27	0	26	341	65	26	0	0	138	0	0	9	6	9	0	6	745	138	171	0	745	9	138	6	0	171	65	9	0	6	0	189	27	0	9	555	171	0	0	868	118	555	118	171	0	118	27	26	341	0	0	555	189	341	0	0	0	189	9	0	118
0	6	0	309	27	0	0	0	74	309	328	9	573	328	6	0	66	27	328	66	65	26	0	27	0	26	341	65	26	0	0	138	0	0	9	6	9	0	6	745	138	171	0	745	9	138	6	0	171	65	9	0	6	0	189	27	0	9	555	171	0	0	868	118	555	118	171	0	118	27	26	341	0	0	555	189	341	0	0	0	189	9	0	118
0	6	0	0	0	0	0	0	4	102	0	0	573	4	6	476	0	0	0	36	65	26	0	0	24	26	341	65	26	0	0	138	0	0	4	6	4	369	6	745	138	171	0	745	4	138	6	155	171	65	4	0	6	36	163	0	0	0	155	171	0	16	201	118	155	118	171	36	118	16	26	341	0	0	155	0	341	352	0	0	0	0	16	118
0	6	0	0	0	0	0	0	4	102	0	0	573	4	6	476	0	0	0	36	65	26	0	0	24	26	341	65	26	0	0	138	0	0	4	6	4	369	6	745	138	171	0	745	4	138	6	155	171	65	4	0	6	36	163	0	0	0	155	171	0	16	201	118	155	118	171	36	118	16	26	341	0	0	155	0	341	352	0	0	0	0	16	118
0	6	0	0	0	0	0	0	4	102	0	0	573	4	6	476	0	0	0	36	65	26	0	0	24	26	341	65	26	0	0	138	0	0	4	6	4	369	6	745	138	171	0	745	4	138	6	155	171	65	4	0	6	36	163	0	0	0	155	171	0	16	201	118	155	118	171	36	118	16	26	341	0	0	155	0	341	352	0	0	0	0	16	118
0	6	782	590	152	0	0	351	4	102	0	0	561	4	6	476	0	0	152	36	11	8	503	0	24	8	11	0	0	8	346	79	126	941	4	6	4	369	6	605	79	8	532	0	4	68	6	155	68	0	4	8	6	36	163	210	68	68	155	0	471	16	201	59	155	0	0	36	0	16	0	0	11	0	155	0	0	352	912	870	0	59	16	100
0	6	782	590	152	0	0	351	4	102	0	0	561	4	6	476	0	0	152	36	11	8	503	0	24	8	11	0	0	8	346	79	126	941	4	6	4	369	6	605	79	8	532	0	4	68	6	155	68	0	4	8	6	36	163	210	68	68	155	0	471	16	201	59	155	0	0	36	0	16	0	0	11	0	155	0	0	352	912	870	0	59	16	100
0	6	782	590	152	0	0	351	4	102	0	0	561	4	6	476	0	0	152	36	11	8	503	0	24	8	11	0	0	8	346	79	126	941	4	6	4	369	6	605	79	8	532	0	4	68	6	155	68	0	4	8	6	36	163	210	68	68	155	0	471	16	201	59	155	0	0	36	0	16	0	0	11	0	155	0	0	352	912	870	0	59	16	100
0	0	782	590	152	0	0	351	4	1	278	1	561	4	0	476	0	44	152	23	11	8	503	44	24	8	11	0	0	8	346	79	126	941	4	0	4	369	0	605	79	8	532	0	4	68	3	155	68	0	4	8	0	23	3	210	68	68	155	0	471	0	7	59	155	0	0	23	0	7	0	22	11	0	155	3	22	352	912	870	0	59	7	100
0	0	782	590	152	0	0	351	4	1	278	1	561	4	0	476	0	44	152	23	11	8	503	44	24	8	11	0	0	8	346	79	126	941	4	0	4	369	0	605	79	8	532	0	4	68	3	155	68	0	4	8	0	23	3	210	68	68	155	0	471	0	7	59	155	0	0	23	0	7	0	22	11	0	155	3	22	352	912	870	0	59	7	100
0	0	782	590	152	0	0	351	4	1	278	1	561	4	0	476	0	44	152	23	11	8	503	44	24	8	11	0	0	8	346	79	126	941	4	0	4	369	0	605	79	8	532	0	4	68	3	155	68	0	4	8	0	23	3	210	68	68	155	0	471	0	7	59	155	0	0	23	0	7	0	22	11	0	155	3	22	352	912	870	0	59	7	100
0	0	759	524	50	824	524	170	0	1	278	1	493	0	34	186	19	44	50	23	5	0	2	44	19	2	0	81	104	0	81	56	81	104	0	34	2	21	34	482	0	0	244	547	0	34	3	33	20	643	0	0	34	23	3	206	0	0	33	99	20	252	7	33	0	95	99	23	245	7	18	22	0	0	0	3	22	245	734	272	0	33	7	20
0	0	759	524	50	824	524	170	0	1	278	1	493	0	34	186	19	44	50	23	5	0	2	44	19	2	0	81	104	0	81	56	81	104	0	34	2	21	34	482	0	0	244	547	0	34	3	33	20	643	0	0	34	23	3	206	0	0	33	99	20	252	7	33	0	95	99	23	245	7	18	22	0	0	0	3	22	245	734	272	0	33	7	20
0	0	759	524	50	824	524	170	0	1	278	1	493	0	34	186	19	44	50	23	5	0	2	44	19	2	0	81	104	0	81	56	81	104	0	34	2	21	34	482	0	0	244	547	0	34	3	33	20	643	0	0	34	23	3	206	0	0	33	99	20	252	7	33	0	95	99	23	245	7	18	22	0	0	0	3	22	245	734	272	0	33	7	20
0	0	759	524	50	824	524	170	0	1	278	1	493	0	34	186	19	44	50	23	5	0	2	44	19	2	0	81	104	0	81	56	81	104	0	34	2	21	34	482	0	0	244	547	0	34	3	33	20	643	0	0	34	23	3	206	0	0	33	99	20	252	7	33	0	95	99	23	245	7	18	22	0	0	0	3	22	245	734	272	0	33	7	20
0	0	759	524	50	824	524	170	0	1	278	1	493	0	34	186	19	44	50	23	5	0	2	44	19	2	0	81	104	0	81	56	81	104	0	34	2	21	34	482	0	0	244	547	0	34	3	33	20	643	0	0	34	23	3	206	0	0	33	99	20	252	7	33	0	95	99	23	245	7	18	22	0	0	0	3	22	245	734	272	0	33	7	20
0	0	759	524	50	824	524	170	0	1	278	1	493	0	34	186	19	44	50	23	5	0	2	44	19	2	0	81	104	0	81	56	81	104	0	34	2	21	34	482	0	0	244	547	0	34	3	33	20	643	0	0	34	23	3	206	0	0	33	99	20	252	7	33	0	95	99	23	245	7	18	22	0	0	0	3	22	245	734	272	0	33	7	20
