0	0	759	524	50	824	524	170	0	1	278	1	493	0	34	186	19	44	50	23	5	0	2	44	19	2	0	81	104	0	81	56	81	104	0	34	2	21	34	482	0	0	244	547	0	34	3	33	20	643	0	0	34	23	3	206	0	0	33	99	20	252	7	33	0	95	99	23	245	7	18	22	0	0	0	3	22	245	0	272	0	33	7	20
0	0	759	524	50	824	524	170	0	1	278	1	493	0	34	186	19	44	50	23	5	0	2	44	19	2	0	81	104	0	81	56	81	104	0	34	2	21	34	482	0	0	244	547	0	34	3	33	20	643	0	0	34	23	3	206	0	0	33	99	20	252	7	33	0	95	99	23	245	7	18	22	0	0	0	3	22	245	0	272	0	33	7	20
0	0	759	524	50	824	524	170	0	1	278	1	493	0	34	186	19	44	50	23	5	0	2	44	19	2	0	81	104	0	81	56	81	104	0	34	2	21	34	482	0	0	244	547	0	34	3	33	20	643	0	0	34	23	3	206	0	0	33	99	20	252	7	33	0	95	99	23	245	7	18	22	0	0	0	3	22	245	0	272	0	33	7	20
0	0	759	524	50	824	524	170	0	1	278	1	493	0	34	186	19	44	50	23	5	0	2	44	19	2	0	81	104	0	81	56	81	104	0	34	2	21	34	482	0	0	244	547	0	34	3	33	20	643	0	0	34	23	3	206	0	0	33	99	20	252	7	33	0	95	99	23	245	7	18	22	0	0	0	3	22	245	0	272	0	33	7	20
0	0	759	524	50	824	524	170	0	1	278	1	493	0	34	186	19	44	50	23	5	0	2	44	19	2	0	81	104	0	81	56	81	104	0	34	2	21	34	482	0	0	244	547	0	34	3	33	20	643	0	0	34	23	3	206	0	0	33	99	20	252	7	33	0	95	99	23	245	7	18	22	0	0	0	3	22	245	0	272	0	33	7	20
0	0	759	524	50	824	524	170	0	1	278	1	493	0	34	186	19	44	50	23	5	0	2	44	19	2	0	81	104	0	81	56	81	104	0	34	2	21	34	482	0	0	244	547	0	34	3	33	20	643	0	0	34	23	3	206	0	0	33	99	20	252	7	33	0	95	99	23	245	7	18	22	0	0	0	3	22	245	0	272	0	33	7	20
0	0	782	590	152	0	0	351	4	1	278	1	561	4	0	476	0	44	152	23	11	8	503	44	24	8	11	0	0	8	346	79	126	941	4	0	4	369	0	605	79	8	532	0	4	68	3	155	68	0	4	8	0	23	3	210	68	68	155	0	471	0	7	59	155	0	0	23	400	7	0	22	11	0	155	3	22	0	400	870	0	59	7	100
0	0	782	590	152	0	0	351	4	1	278	1	561	4	0	476	0	44	152	23	11	8	503	44	24	8	11	0	0	8	346	79	126	941	4	0	4	369	0	605	79	8	532	0	4	68	3	155	68	0	4	8	0	23	3	210	68	68	155	0	471	0	7	59	155	0	0	23	400	7	0	22	11	0	155	3	22	0	400	870	0	59	7	100
0	0	782	590	152	0	0	351	4	1	278	1	561	4	0	476	0	44	152	23	11	8	503	44	24	8	11	0	0	8	346	79	126	941	4	0	4	369	0	605	79	8	532	0	4	68	3	155	68	0	4	8	0	23	3	210	68	68	155	0	471	0	7	59	155	0	0	23	400	7	0	22	11	0	155	3	22	0	400	870	0	59	7	100
0	6	782	590	152	0	0	351	4	102	945	0	561	4	6	476	0	0	152	36	11	8	503	0	24	8	11	0	0	8	346	79	126	941	4	6	4	369	6	605	79	8	532	0	4	68	6	155	68	0	4	8	6	36	163	210	68	68	155	0	471	16	201	59	155	0	0	36	400	16	0	500	11	0	155	0	456	0	400	870	0	59	16	100
0	6	782	590	152	0	0	351	4	102	945	0	561	4	6	476	0	0	152	36	11	8	503	0	24	8	11	0	0	8	346	79	126	941	4	6	4	369	6	605	79	8	532	0	4	68	6	155	68	0	4	8	6	36	163	210	68	68	155	0	471	16	201	59	155	0	0	36	400	16	0	500	11	0	155	0	456	0	400	870	0	59	16	100
0	6	782	590	152	0	0	351	4	102	945	0	561	4	6	476	0	0	152	36	11	8	503	0	24	8	11	0	0	8	346	79	126	941	4	6	4	369	6	605	79	8	532	0	4	68	6	155	68	0	4	8	6	36	163	210	68	68	155	0	471	16	201	59	155	0	0	36	400	16	0	500	11	0	155	0	456	0	400	870	0	59	16	100
0	6	0	737	0	0	737	0	4	102	945	0	573	4	6	476	0	0	0	36	65	26	0	0	24	26	0	65	26	243	0	143	0	0	4	6	4	369	6	745	479	171	0	745	4	141	6	155	171	65	4	0	6	36	163	0	141	0	155	171	0	16	201	0	155	0	171	36	400	16	26	500	672	0	155	0	456	141	400	0	0	0	16	0
0	6	0	737	0	0	737	0	4	102	945	0	573	4	6	476	0	0	0	36	65	26	0	0	24	26	0	65	26	243	0	143	0	0	4	6	4	369	6	745	479	171	0	745	4	141	6	155	171	65	4	0	6	36	163	0	141	0	155	171	0	16	201	0	155	0	171	36	400	16	26	500	672	0	155	0	456	141	400	0	0	0	16	0
0	6	0	737	0	0	737	0	4	102	945	0	573	4	6	476	0	0	0	36	65	26	0	0	24	26	0	65	26	243	0	143	0	0	4	6	4	369	6	745	479	171	0	745	4	141	6	155	171	65	4	0	6	36	163	0	141	0	155	171	0	16	201	0	155	0	171	36	400	16	26	500	672	0	155	0	456	141	400	0	0	0	16	0
0	6	0	737	27	0	737	0	74	0	0	9	573	0	6	0	66	27	0	66	65	26	0	27	0	26	0	65	26	243	0	143	0	0	9	6	9	0	6	745	479	171	0	745	9	141	6	0	171	65	9	0	6	455	189	27	141	9	0	171	0	0	868	90	358	0	171	90	724	27	26	558	672	0	257	189	558	141	734	0	189	9	0	90
0	6	0	737	27	0	737	0	74	0	0	9	573	0	6	0	66	27	0	66	65	26	0	27	0	26	0	65	26	243	0	143	0	0	9	6	9	0	6	745	479	171	0	745	9	141	6	0	171	65	9	0	6	455	189	27	141	9	0	171	0	0	868	90	358	0	171	90	724	27	26	558	672	0	257	189	558	141	734	0	189	9	0	90
0	6	0	737	27	0	737	0	74	0	0	9	573	0	6	0	66	27	0	66	65	26	0	27	0	26	0	65	26	243	0	143	0	0	9	6	9	0	6	745	479	171	0	745	9	141	6	0	171	65	9	0	6	455	189	27	141	9	0	171	0	0	868	90	358	0	171	90	724	27	26	558	672	0	257	189	558	141	734	0	189	9	0	90
0	120	0	0	27	0	0	12	74	0	120	9	0	120	12	35	66	27	0	66	91	63	0	27	35	63	91	144	0	0	144	614	144	0	9	12	9	0	12	0	898	364	229	0	9	0	0	229	0	229	9	12	0	455	189	27	0	9	0	0	0	0	868	90	358	0	314	90	724	27	35	558	689	0	257	189	558	352	734	35	189	9	0	90
0	120	0	0	27	0	0	12	74	0	120	9	0	120	12	35	66	27	0	66	91	63	0	27	35	63	91	144	0	0	144	614	144	0	9	12	9	0	12	0	898	364	229	0	9	0	0	229	0	229	9	12	0	455	189	27	0	9	0	0	0	0	868	90	358	0	314	90	724	27	35	558	689	0	257	189	558	352	734	35	189	9	0	90
0	120	0	0	27	0	0	12	74	0	120	9	0	120	12	35	66	27	0	66	91	63	0	27	35	63	91	144	0	0	144	614	144	0	9	12	9	0	12	0	898	364	229	0	9	0	0	229	0	229	9	12	0	455	189	27	0	9	0	0	0	0	868	90	358	0	314	90	724	27	35	558	689	0	257	189	558	352	734	35	189	9	0	90
0	120	0	0	51	0	51	12	0	256	120	256	28	120	12	35	256	51	0	0	91	63	513	51	35	63	91	144	28	0	144	614	144	0	28	12	28	0	12	0	898	364	229	0	10	38	0	229	38	229	10	12	0	513	248	274	51	38	555	0	0	149	921	90	555	0	314	90	0	149	35	0	689	0	555	248	0	352	912	35	248	135	149	90
0	120	0	0	51	0	51	12	0	256	120	256	28	120	12	35	256	51	0	0	91	63	513	51	35	63	91	144	28	0	144	614	144	0	28	12	28	0	12	0	898	364	229	0	10	38	0	229	38	229	10	12	0	513	248	274	51	38	555	0	0	149	921	90	555	0	314	90	0	149	35	0	689	0	555	248	0	352	912	35	248	135	149	90
0	120	0	0	51	0	51	12	0	256	120	256	28	120	12	35	256	51	0	0	91	63	513	51	35	63	91	144	28	0	144	614	144	0	28	12	28	0	12	0	898	364	229	0	10	38	0	229	38	229	10	12	0	513	248	274	51	38	555	0	0	149	921	90	555	0	314	90	0	149	35	0	689	0	555	248	0	352	912	35	248	135	149	90
0	0	58	0	51	0	51	0	0	256	428	256	28	428	0	58	256	51	0	0	191	179	513	51	58	179	0	187	28	179	402	0	187	0	28	13	28	191	13	402	0	725	229	402	10	38	13	229	38	229	10	30	13	513	248	274	51	38	555	13	0	149	921	118	555	118	486	0	118	149	150	0	0	0	555	248	0	352	912	150	248	135	149	118
0	0	58	0	51	0	51	0	0	256	428	256	28	428	0	58	256	51	0	0	191	179	513	51	58	179	0	187	28	179	402	0	187	0	28	13	28	191	13	402	0	725	229	402	10	38	13	229	38	229	10	30	13	513	248	274	51	38	555	13	0	149	921	118	555	118	486	0	118	149	150	0	0	0	555	248	0	352	912	150	248	135	149	118
0	0	58	0	51	0	51	0	0	256	428	256	28	428	0	58	256	51	0	0	191	179	513	51	58	179	0	187	28	179	402	0	187	0	28	13	28	191	13	402	0	725	229	402	10	38	13	229	38	229	10	30	13	513	248	274	51	38	555	13	0	149	921	118	555	118	486	0	118	149	150	0	0	0	555	248	0	352	912	150	248	135	149	118
0	0	58	309	75	0	75	0	0	309	428	0	0	428	0	58	0	0	75	0	191	179	0	0	58	179	75	187	169	179	402	0	187	0	0	13	0	191	13	402	0	725	0	402	10	38	13	0	38	0	10	30	13	0	0	0	297	38	0	13	0	149	0	118	0	118	486	0	118	149	150	0	75	0	764	0	320	0	0	150	320	211	149	118
0	0	58	309	75	0	75	0	0	309	428	0	0	428	0	58	0	0	75	0	191	179	0	0	58	179	75	187	169	179	402	0	187	0	0	13	0	191	13	402	0	725	0	402	10	38	13	0	38	0	10	30	13	0	0	0	297	38	0	13	0	149	0	118	0	118	486	0	118	149	150	0	75	0	764	0	320	0	0	150	320	211	149	118
0	0	58	309	75	0	75	0	0	309	428	0	0	428	0	58	0	0	75	0	191	179	0	0	58	179	75	187	169	179	402	0	187	0	0	13	0	191	13	402	0	725	0	402	10	38	13	0	38	0	10	30	13	0	0	0	297	38	0	13	0	149	0	118	0	118	486	0	118	149	150	0	75	0	764	0	320	0	0	150	320	211	149	118
0	0	112	309	75	0	75	37	112	309	497	0	15	497	37	61	230	0	75	61	213	179	0	0	230	179	75	213	169	179	552	45	213	0	15	37	15	0	37	0	45	0	15	0	0	45	14	0	302	0	15	37	0	61	14	45	297	0	14	0	0	427	0	0	0	0	0	61	121	154	0	0	75	0	764	14	320	121	0	0	320	211	154	121
0	0	112	309	75	0	75	37	112	309	497	0	15	497	37	61	230	0	75	61	213	179	0	0	230	179	75	213	169	179	552	45	213	0	15	37	15	0	37	0	45	0	15	0	0	45	14	0	302	0	15	37	0	61	14	45	297	0	14	0	0	427	0	0	0	0	0	61	121	154	0	0	75	0	764	14	320	121	0	0	320	211	154	121
0	0	112	309	75	0	75	37	112	309	497	0	15	497	37	61	230	0	75	61	213	179	0	0	230	179	75	213	169	179	552	45	213	0	15	37	15	0	37	0	45	0	15	0	0	45	14	0	302	0	15	37	0	61	14	45	297	0	14	0	0	427	0	0	0	0	0	61	121	154	0	0	75	0	764	14	320	121	0	0	320	211	154	121
0	0	112	385	85	0	0	37	112	385	497	0	15	497	37	61	230	85	0	61	213	0	236	85	230	236	0	213	0	0	552	45	213	0	15	37	15	0	37	0	45	0	15	0	0	45	14	0	302	0	15	37	0	61	14	45	0	0	14	0	0	427	0	0	0	0	0	61	121	154	0	0	0	0	0	14	0	121	0	0	0	939	154	121
0	0	112	385	85	0	0	37	112	385	497	0	15	497	37	61	230	85	0	61	213	0	236	85	230	236	0	213	0	0	552	45	213	0	15	37	15	0	37	0	45	0	15	0	0	45	14	0	302	0	15	37	0	61	14	45	0	0	14	0	0	427	0	0	0	0	0	61	121	154	0	0	0	0	0	14	0	121	0	0	0	939	154	121
0	0	112	385	85	0	0	37	112	385	497	0	15	497	37	61	230	85	0	61	213	0	236	85	230	236	0	213	0	0	552	45	213	0	15	37	15	0	37	0	45	0	15	0	0	45	14	0	302	0	15	37	0	61	14	45	0	0	14	0	0	427	0	0	0	0	0	61	121	154	0	0	0	0	0	14	0	121	0	0	0	939	154	121
0	0	0	385	85	0	0	37	516	385	0	0	826	516	37	61	0	85	0	61	0	17	236	85	0	236	0	519	31	17	0	45	218	0	31	37	31	0	37	0	45	0	0	250	29	45	17	0	0	0	29	37	17	61	250	45	0	29	0	17	0	743	0	145	29	145	17	61	167	175	167	0	0	0	29	424	175	167	0	0	175	939	175	145
0	0	0	385	85	0	0	37	516	385	0	0	826	516	37	61	0	85	0	61	0	17	236	85	0	236	0	519	31	17	0	45	218	0	31	37	31	0	37	0	45	0	0	250	29	45	17	0	0	0	29	37	17	61	250	45	0	29	0	17	0	743	0	145	29	145	17	61	167	175	167	0	0	0	29	424	175	167	0	0	175	939	175	145
0	0	0	385	85	0	0	37	516	385	0	0	826	516	37	61	0	85	0	61	0	17	236	85	0	236	0	519	31	17	0	45	218	0	31	37	31	0	37	0	45	0	0	250	29	45	17	0	0	0	29	37	17	61	250	45	0	29	0	17	0	743	0	145	29	145	17	61	167	175	167	0	0	0	29	424	175	167	0	0	175	939	175	145
0	39	73	0	247	0	247	395	516	0	103	0	826	516	39	73	69	103	247	69	39	17	0	103	73	620	39	519	31	17	0	140	218	98	31	0	31	39	98	0	0	140	0	250	29	0	17	0	140	0	29	392	17	69	250	0	103	29	0	17	0	743	0	145	29	145	17	69	167	175	167	0	0	0	29	424	175	167	0	0	175	0	175	145
0	39	73	0	247	0	247	395	516	0	103	0	826	516	39	73	69	103	247	69	39	17	0	103	73	620	39	519	31	17	0	140	218	98	31	0	31	39	98	0	0	140	0	250	29	0	17	0	140	0	29	392	17	69	250	0	103	29	0	17	0	743	0	145	29	145	17	69	167	175	167	0	0	0	29	424	175	167	0	0	175	0	175	145
0	39	73	0	247	0	247	395	516	0	103	0	826	516	39	73	69	103	247	69	39	17	0	103	73	620	39	519	31	17	0	140	218	98	31	0	31	39	98	0	0	140	0	250	29	0	17	0	140	0	29	392	17	69	250	0	103	29	0	17	0	743	0	145	29	145	17	69	167	175	167	0	0	0	29	424	175	167	0	0	175	0	175	145
0	39	73	0	247	0	247	395	0	0	103	0	0	0	39	73	69	103	247	69	39	0	46	103	73	620	39	0	0	25	115	140	546	98	115	0	46	39	98	0	0	140	0	250	32	25	0	176	140	32	693	392	25	69	250	25	103	32	176	0	602	0	0	176	602	0	0	69	318	0	0	0	0	0	0	432	0	318	0	0	432	176	0	602
0	39	73	0	247	0	247	395	0	0	103	0	0	0	39	73	69	103	247	69	39	0	46	103	73	620	39	0	0	25	115	140	546	98	115	0	46	39	98	0	0	140	0	250	32	25	0	176	140	32	693	392	25	69	250	25	103	32	176	0	602	0	0	176	602	0	0	69	318	0	0	0	0	0	0	432	0	318	0	0	432	176	0	602
0	39	73	0	247	0	247	395	0	0	103	0	0	0	39	73	69	103	247	69	39	0	46	103	73	620	39	0	0	25	115	140	546	98	115	0	46	39	98	0	0	140	0	250	32	25	0	176	140	32	693	392	25	69	250	25	103	32	176	0	602	0	0	176	602	0	0	69	318	0	0	0	0	0	0	432	0	318	0	0	432	176	0	602
0	0	94	0	258	0	0	585	0	49	711	0	0	711	49	94	69	0	258	69	0	0	46	768	94	0	88	0	0	25	115	140	546	0	115	397	46	768	0	0	0	140	0	0	32	25	0	176	140	32	693	397	25	69	0	25	0	32	176	0	602	0	0	176	602	0	0	69	318	88	94	88	0	0	0	432	88	318	0	94	432	176	88	602
0	0	94	0	258	0	0	585	0	49	711	0	0	711	49	94	69	0	258	69	0	0	46	768	94	0	88	0	0	25	115	140	546	0	115	397	46	768	0	0	0	140	0	0	32	25	0	176	140	32	693	397	25	69	0	25	0	32	176	0	602	0	0	176	602	0	0	69	318	88	94	88	0	0	0	432	88	318	0	94	432	176	88	602
0	0	94	0	258	0	0	585	0	49	711	0	0	711	49	94	69	0	258	69	0	0	46	768	94	0	88	0	0	25	115	140	546	0	115	397	46	768	0	0	0	140	0	0	32	25	0	176	140	32	693	397	25	69	0	25	0	32	176	0	602	0	0	176	602	0	0	69	318	88	94	88	0	0	0	432	88	318	0	94	432	176	88	602
0	0	94	0	258	0	0	585	0	49	711	0	0	711	49	94	0	47	258	0	0	47	46	768	94	0	88	0	127	47	404	766	0	0	127	397	46	768	0	404	0	200	0	404	32	0	47	176	200	32	0	397	47	710	0	454	0	32	176	200	0	0	0	176	0	0	200	0	0	88	94	88	0	0	0	0	88	0	0	94	0	176	88	0
0	0	94	0	258	0	0	585	0	49	711	0	0	711	49	94	0	47	258	0	0	47	46	768	94	0	88	0	127	47	404	766	0	0	127	397	46	768	0	404	0	200	0	404	32	0	47	176	200	32	0	397	47	710	0	454	0	32	176	200	0	0	0	176	0	0	200	0	0	88	94	88	0	0	0	0	88	0	0	94	0	176	88	0
0	0	94	0	258	0	0	585	0	49	711	0	0	711	49	94	0	47	258	0	0	47	46	768	94	0	88	0	127	47	404	766	0	0	127	397	46	768	0	404	0	200	0	404	32	0	47	176	200	32	0	397	47	710	0	454	0	32	176	200	0	0	0	176	0	0	200	0	0	88	94	88	0	0	0	0	88	0	0	94	0	176	88	0
0	0	0	62	264	0	0	0	0	62	0	60	0	0	62	107	0	47	0	107	116	47	60	0	0	60	116	107	127	47	404	766	0	0	127	397	60	0	62	404	0	200	372	404	41	40	47	0	200	372	41	397	47	710	41	454	40	40	344	200	0	249	0	184	0	0	200	41	184	0	0	0	0	0	0	0	459	184	40	0	459	344	249	184
0	0	0	62	264	0	0	0	0	62	0	60	0	0	62	107	0	47	0	107	116	47	60	0	0	60	116	107	127	47	404	766	0	0	127	397	60	0	62	404	0	200	372	404	41	40	47	0	200	372	41	397	47	710	41	454	40	40	344	200	0	249	0	184	0	0	200	41	184	0	0	0	0	0	0	0	459	184	40	0	459	344	249	184
0	0	0	62	264	0	0	0	0	62	0	60	0	0	62	107	0	47	0	107	116	47	60	0	0	60	116	107	127	47	404	766	0	0	127	397	60	0	62	404	0	200	372	404	41	40	47	0	200	372	41	397	47	710	41	454	40	40	344	200	0	249	0	184	0	0	200	41	184	0	0	0	0	0	0	0	459	184	40	0	459	344	249	184
0	0	0	62	264	0	0	0	0	62	0	60	0	0	62	107	0	47	0	107	116	47	60	0	0	60	116	107	127	47	649	0	0	0	127	0	60	0	62	649	0	200	372	0	41	40	47	649	200	372	41	0	47	0	41	0	40	40	344	200	0	249	0	184	0	0	200	41	184	0	0	0	0	0	0	0	459	184	40	0	459	344	249	184
0	0	0	62	264	0	0	0	0	62	0	60	0	0	62	107	0	47	0	107	116	47	60	0	0	60	116	107	127	47	649	0	0	0	127	0	60	0	62	649	0	200	372	0	41	40	47	649	200	372	41	0	47	0	41	0	40	40	344	200	0	249	0	184	0	0	200	41	184	0	0	0	0	0	0	0	459	184	40	0	459	344	249	184
0	0	0	62	264	0	0	0	0	62	0	60	0	0	62	107	0	47	0	107	116	47	60	0	0	60	116	107	127	47	649	0	0	0	127	0	60	0	62	649	0	200	372	0	41	40	47	649	200	372	41	0	47	0	41	0	40	40	344	200	0	249	0	184	0	0	200	41	184	0	0	0	0	0	0	0	459	184	40	0	459	344	249	184
0	78	153	873	273	0	873	0	0	457	0	60	0	0	78	153	0	119	273	0	378	254	60	119	153	60	273	0	0	0	649	239	0	0	0	78	60	0	78	649	0	239	0	0	41	40	425	649	239	0	41	78	0	0	41	119	40	40	425	239	0	0	0	0	0	0	239	41	489	119	153	0	273	0	0	0	459	489	40	153	459	0	0	0
0	78	153	873	273	0	873	0	0	457	0	60	0	0	78	153	0	119	273	0	378	254	60	119	153	60	273	0	0	0	649	239	0	0	0	78	60	0	78	649	0	239	0	0	41	40	425	649	239	0	41	78	0	0	41	119	40	40	425	239	0	0	0	0	0	0	239	41	489	119	153	0	273	0	0	0	459	489	40	153	459	0	0	0
0	78	153	873	273	0	873	0	0	457	0	60	0	0	78	153	0	119	273	0	378	254	60	119	153	60	273	0	0	0	649	239	0	0	0	78	60	0	78	649	0	239	0	0	41	40	425	649	239	0	41	78	0	0	41	119	40	40	425	239	0	0	0	0	0	0	239	41	489	119	153	0	273	0	0	0	459	489	40	153	459	0	0	0
0	78	153	873	273	0	873	0	77	457	0	0	0	77	78	153	0	119	273	42	378	254	0	119	153	0	273	42	0	54	671	239	0	0	77	78	77	0	78	671	0	239	77	671	42	54	425	0	239	42	77	78	54	133	0	119	494	111	425	239	0	0	0	133	111	0	239	133	489	119	153	0	273	0	111	0	0	489	494	153	0	0	0	133
0	78	153	873	273	0	873	0	77	457	0	0	0	77	78	153	0	119	273	42	378	254	0	119	153	0	273	42	0	54	671	239	0	0	77	78	77	0	78	671	0	239	77	671	42	54	425	0	239	42	77	78	54	133	0	119	494	111	425	239	0	0	0	133	111	0	239	133	489	119	153	0	273	0	111	0	0	489	494	153	0	0	0	133
0	78	153	873	273	0	873	0	77	457	0	0	0	77	78	153	0	119	273	42	378	254	0	119	153	0	273	42	0	54	671	239	0	0	77	78	77	0	78	671	0	239	77	671	42	54	425	0	239	42	77	78	54	133	0	119	494	111	425	239	0	0	0	133	111	0	239	133	489	119	153	0	273	0	111	0	0	489	494	153	0	0	0	133
0	0	153	0	805	0	0	0	77	0	335	0	0	77	97	153	0	122	335	42	0	0	0	122	153	0	341	42	0	54	671	251	0	177	77	0	77	0	177	671	798	251	77	671	42	54	798	487	251	42	77	0	54	133	0	122	494	111	487	0	251	0	0	133	111	0	0	133	864	122	153	341	0	0	111	0	341	864	494	153	0	0	251	133
0	0	153	0	805	0	0	0	77	0	335	0	0	77	97	153	0	122	335	42	0	0	0	122	153	0	341	42	0	54	671	251	0	177	77	0	77	0	177	671	798	251	77	671	42	54	798	487	251	42	77	0	54	133	0	122	494	111	487	0	251	0	0	133	111	0	0	133	864	122	153	341	0	0	111	0	341	864	494	153	0	0	251	133
0	0	153	0	805	0	0	0	77	0	335	0	0	77	97	153	0	122	335	42	0	0	0	122	153	0	341	42	0	54	671	251	0	177	77	0	77	0	177	671	798	251	77	671	42	54	798	487	251	42	77	0	54	133	0	122	494	111	487	0	251	0	0	133	111	0	0	133	864	122	153	341	0	0	111	0	341	864	494	153	0	0	251	133
0	0	0	0	805	0	0	0	83	0	335	0	0	83	97	679	157	122	335	110	0	87	0	122	157	87	341	110	0	87	675	251	0	177	83	0	83	0	177	837	798	251	0	837	43	84	798	487	251	43	0	87	84	151	43	122	651	0	487	0	251	0	0	0	0	0	0	151	864	122	157	341	0	0	0	43	341	864	651	157	0	0	251	151
0	0	0	0	805	0	0	0	83	0	335	0	0	83	97	679	157	122	335	110	0	87	0	122	157	87	341	110	0	87	675	251	0	177	83	0	83	0	177	837	798	251	0	837	43	84	798	487	251	43	0	87	84	151	43	122	651	0	487	0	251	0	0	0	0	0	0	151	864	122	157	341	0	0	0	43	341	864	651	157	0	0	251	151
0	0	0	0	805	0	0	0	83	0	335	0	0	83	97	679	157	122	335	110	0	87	0	122	157	87	341	110	0	87	675	251	0	177	83	0	83	0	177	837	798	251	0	837	43	84	798	487	251	43	0	87	84	151	43	122	651	0	487	0	251	0	0	0	0	0	0	151	864	122	157	341	0	0	0	43	341	864	651	157	0	0	251	151
0	0	0	113	805	0	0	0	83	113	363	0	0	83	113	679	157	158	363	110	355	87	0	158	157	87	355	110	0	87	675	0	0	426	83	0	83	355	426	837	0	0	0	837	43	84	0	728	288	43	0	87	84	151	43	158	651	0	728	288	0	0	0	0	0	0	288	151	0	158	157	0	0	0	0	43	0	0	651	157	0	0	0	151
0	0	0	113	805	0	0	0	83	113	363	0	0	83	113	679	157	158	363	110	355	87	0	158	157	87	355	110	0	87	675	0	0	426	83	0	83	355	426	837	0	0	0	837	43	84	0	728	288	43	0	87	84	151	43	158	651	0	728	288	0	0	0	0	0	0	288	151	0	158	157	0	0	0	0	43	0	0	651	157	0	0	0	151
0	0	0	113	805	0	0	0	83	113	363	0	0	83	113	679	157	158	363	110	355	87	0	158	157	87	355	110	0	87	675	0	0	426	83	0	83	355	426	837	0	0	0	837	43	84	0	728	288	43	0	87	84	151	43	158	651	0	728	288	0	0	0	0	0	0	288	151	0	158	157	0	0	0	0	43	0	0	651	157	0	0	0	151
0	0	0	113	836	0	836	0	83	113	363	0	0	83	113	0	157	158	363	110	355	87	0	158	157	87	355	110	0	87	675	138	0	426	83	0	83	355	426	0	138	0	267	933	48	138	52	728	288	267	48	87	0	601	52	158	0	48	728	288	0	0	0	197	48	197	288	601	197	158	157	0	0	0	0	52	0	0	0	157	52	0	0	197
0	0	0	113	836	0	836	0	83	113	363	0	0	83	113	0	157	158	363	110	355	87	0	158	157	87	355	110	0	87	675	138	0	426	83	0	83	355	426	0	138	0	267	933	48	138	52	728	288	267	48	87	0	601	52	158	0	48	728	288	0	0	0	197	48	197	288	601	197	158	157	0	0	0	0	52	0	0	0	157	52	0	0	197
0	0	0	113	836	0	836	0	83	113	363	0	0	83	113	0	157	158	363	110	355	87	0	158	157	87	355	110	0	87	675	138	0	426	83	0	83	355	426	0	138	0	267	933	48	138	52	728	288	267	48	87	0	601	52	158	0	48	728	288	0	0	0	197	48	197	288	601	197	158	157	0	0	0	0	52	0	0	0	157	52	0	0	197
0	866	0	0	836	0	836	0	0	117	450	125	0	866	117	130	0	164	450	130	0	0	125	164	255	125	0	130	0	0	844	138	0	0	959	0	125	0	641	618	138	0	267	933	48	138	52	0	0	267	48	618	0	601	52	0	164	48	0	0	0	0	0	197	48	197	0	601	197	265	260	0	0	0	0	52	265	0	0	0	52	0	265	197
0	866	0	0	836	0	836	0	0	117	450	125	0	866	117	130	0	164	450	130	0	0	125	164	255	125	0	130	0	0	844	138	0	0	959	0	125	0	641	618	138	0	267	933	48	138	52	0	0	267	48	618	0	601	52	0	164	48	0	0	0	0	0	197	48	197	0	601	197	265	260	0	0	0	0	52	265	0	0	0	52	0	265	197
0	866	0	0	836	0	836	0	0	117	450	125	0	866	117	130	0	164	450	130	0	0	125	164	255	125	0	130	0	0	844	138	0	0	959	0	125	0	641	618	138	0	267	933	48	138	52	0	0	267	48	618	0	601	52	0	164	48	0	0	0	0	0	197	48	197	0	601	197	265	260	0	0	0	0	52	265	0	0	0	52	0	265	197
0	866	0	0	0	0	0	0	0	117	450	125	0	866	117	130	0	164	450	130	0	55	125	164	255	125	0	130	0	55	844	138	0	0	959	0	125	0	641	618	138	0	267	0	53	138	55	0	0	267	0	618	55	0	53	0	164	0	0	0	0	0	0	202	0	0	0	0	202	265	260	53	0	202	0	53	265	0	202	0	0	0	265	202
0	866	0	0	0	0	0	0	0	117	450	125	0	866	117	130	0	164	450	130	0	55	125	164	255	125	0	130	0	55	844	138	0	0	959	0	125	0	641	618	138	0	267	0	53	138	55	0	0	267	0	618	55	0	53	0	164	0	0	0	0	0	0	202	0	0	0	0	202	265	260	53	0	202	0	53	265	0	202	0	0	0	265	202
0	866	0	0	0	0	0	0	0	117	450	125	0	866	117	130	0	164	450	130	0	55	125	164	255	125	0	130	0	55	844	138	0	0	959	0	125	0	641	618	138	0	267	0	53	138	55	0	0	267	0	618	55	0	53	0	164	0	0	0	0	0	0	202	0	0	0	0	202	265	260	53	0	202	0	53	265	0	202	0	0	0	265	202
0	0	908	0	174	0	0	0	0	117	0	0	0	0	117	908	292	174	0	0	137	55	370	0	292	370	137	137	0	55	846	259	137	0	0	0	0	0	0	846	800	259	368	368	53	205	55	0	259	368	0	800	55	0	53	0	205	0	0	259	0	0	0	202	0	0	259	0	202	265	327	53	0	202	0	53	265	205	202	0	0	0	265	202
0	0	908	0	174	0	0	0	0	117	0	0	0	0	117	908	292	174	0	0	137	55	370	0	292	370	137	137	0	55	846	259	137	0	0	0	0	0	0	846	800	259	368	368	53	205	55	0	259	368	0	800	55	0	53	0	205	0	0	259	0	0	0	202	0	0	259	0	202	265	327	53	0	202	0	53	265	205	202	0	0	0	265	202
0	0	908	0	174	0	0	0	0	117	0	0	0	0	117	908	292	174	0	0	137	55	370	0	292	370	137	137	0	55	846	259	137	0	0	0	0	0	0	846	800	259	368	368	53	205	55	0	259	368	0	800	55	0	53	0	205	0	0	259	0	0	0	202	0	0	259	0	202	265	327	53	0	202	0	53	265	205	202	0	0	0	265	202
0	0	908	123	174	0	0	0	0	123	0	0	0	0	123	908	292	174	0	142	137	0	370	0	292	370	137	137	0	0	846	259	137	0	64	123	64	0	123	846	800	259	368	368	64	205	57	0	259	368	64	800	0	142	57	0	205	64	57	259	0	0	0	203	0	203	259	0	0	271	327	271	0	0	0	142	271	205	0	0	0	0	271	0
0	0	908	123	174	0	0	0	0	123	0	0	0	0	123	908	292	174	0	142	137	0	370	0	292	370	137	137	0	0	846	259	137	0	64	123	64	0	123	846	800	259	368	368	64	205	57	0	259	368	64	800	0	142	57	0	205	64	57	259	0	0	0	203	0	203	259	0	0	271	327	271	0	0	0	142	271	205	0	0	0	0	271	0
0	0	908	123	174	0	0	0	0	123	0	0	0	0	123	908	292	174	0	142	137	0	370	0	292	370	137	137	0	0	846	259	137	0	64	123	64	0	123	846	800	259	368	368	64	205	57	0	259	368	64	800	0	142	57	0	205	64	57	259	0	0	0	203	0	203	259	0	0	271	327	271	0	0	0	142	271	205	0	0	0	0	271	0
0	0	0	123	511	0	511	0	0	123	231	0	0	0	123	0	0	231	511	142	137	0	0	231	0	0	137	137	0	0	874	259	137	0	64	123	64	0	123	0	0	259	368	368	64	0	57	0	259	368	64	0	0	142	57	0	231	64	57	259	0	0	0	203	0	203	259	0	0	271	357	271	0	0	0	142	271	0	0	0	0	0	271	0
0	0	0	123	511	0	511	0	0	123	231	0	0	0	123	0	0	231	511	142	137	0	0	231	0	0	137	137	0	0	874	259	137	0	64	123	64	0	123	0	0	259	368	368	64	0	57	0	259	368	64	0	0	142	57	0	231	64	57	259	0	0	0	203	0	203	259	0	0	271	357	271	0	0	0	142	271	0	0	0	0	0	271	0
0	0	0	123	511	0	511	0	0	123	231	0	0	0	123	0	0	231	511	142	137	0	0	231	0	0	137	137	0	0	874	259	137	0	64	123	64	0	123	0	0	259	368	368	64	0	57	0	259	368	64	0	0	142	57	0	231	64	57	259	0	0	0	203	0	203	259	0	0	271	357	271	0	0	0	142	271	0	0	0	0	0	271	0
0	0	0	0	511	0	511	0	0	613	231	0	0	0	0	0	613	231	511	142	165	71	156	231	613	156	165	165	0	71	874	350	0	350	67	0	156	0	0	658	0	350	557	557	67	132	71	658	350	557	67	0	71	142	185	0	231	132	658	0	350	0	0	215	132	215	0	185	215	308	357	308	165	0	0	142	308	215	0	0	0	0	376	215
0	0	0	0	511	0	511	0	0	613	231	0	0	0	0	0	613	231	511	142	165	71	156	231	613	156	165	165	0	71	874	350	0	350	67	0	156	0	0	658	0	350	557	557	67	132	71	658	350	557	67	0	71	142	185	0	231	132	658	0	350	0	0	215	132	215	0	185	215	308	357	308	165	0	0	142	308	215	0	0	0	0	376	215
0	0	0	0	511	0	511	0	0	613	231	0	0	0	0	0	613	231	511	142	165	71	156	231	613	156	165	165	0	71	874	350	0	350	67	0	156	0	0	658	0	350	557	557	67	132	71	658	350	557	67	0	71	142	185	0	231	132	658	0	350	0	0	215	132	215	0	185	215	308	357	308	165	0	0	142	308	215	0	0	0	0	376	215
0	0	172	966	0	0	966	0	0	613	0	0	0	0	0	172	613	0	0	172	165	71	156	345	613	156	165	165	0	71	0	350	0	350	67	0	156	345	0	658	0	350	557	557	67	132	71	658	350	557	67	0	71	0	185	0	345	132	658	0	350	0	0	215	132	215	0	185	215	308	0	308	165	0	0	0	308	215	0	0	0	0	376	215
0	0	172	966	0	0	966	0	0	613	0	0	0	0	0	172	613	0	0	172	165	71	156	345	613	156	165	165	0	71	0	350	0	350	67	0	156	345	0	658	0	350	557	557	67	132	71	658	350	557	67	0	71	0	185	0	345	132	658	0	350	0	0	215	132	215	0	185	215	308	0	308	165	0	0	0	308	215	0	0	0	0	376	215
0	0	172	966	0	0	966	0	0	613	0	0	0	0	0	172	613	0	0	172	165	71	156	345	613	156	165	165	0	71	0	350	0	350	67	0	156	345	0	658	0	350	557	557	67	132	71	658	350	557	67	0	71	0	185	0	345	132	658	0	350	0	0	215	132	215	0	185	215	308	0	308	165	0	0	0	308	215	0	0	0	0	376	215
0	0	172	966	0	0	966	86	0	0	129	193	0	0	86	172	0	129	0	172	181	129	193	345	0	0	181	181	0	92	0	350	181	350	67	86	193	345	86	0	0	350	557	557	67	0	86	0	350	557	67	92	86	0	0	0	345	134	0	86	350	0	0	225	134	0	0	0	225	331	225	331	0	225	134	0	331	225	0	0	0	331	0	225
0	0	172	966	0	0	966	86	0	0	129	193	0	0	86	172	0	129	0	172	181	129	193	345	0	0	181	181	0	92	0	350	181	350	67	86	193	345	86	0	0	350	557	557	67	0	86	0	350	557	67	92	86	0	0	0	345	134	0	86	350	0	0	225	134	0	0	0	225	331	225	331	0	225	134	0	331	225	0	0	0	331	0	225
0	0	172	966	0	0	966	86	0	0	129	193	0	0	86	172	0	129	0	172	181	129	193	345	0	0	181	181	0	92	0	350	181	350	67	86	193	345	86	0	0	350	557	557	67	0	86	0	350	557	67	92	86	0	0	0	345	134	0	86	350	0	0	225	134	0	0	0	225	331	225	331	0	225	134	0	331	225	0	0	0	331	0	225
0	0	172	0	0	0	0	86	0	0	129	193	0	0	86	172	0	129	0	172	181	129	193	0	0	0	181	181	0	92	0	843	181	843	0	86	193	0	86	774	843	0	0	774	70	0	86	0	714	0	70	92	86	0	70	0	0	134	0	86	714	0	0	225	134	0	0	0	225	331	225	331	0	225	134	70	331	225	0	0	0	331	0	225
0	0	172	0	0	0	0	86	0	0	129	193	0	0	86	172	0	129	0	172	181	129	193	0	0	0	181	181	0	92	0	843	181	843	0	86	193	0	86	774	843	0	0	774	70	0	86	0	714	0	70	92	86	0	70	0	0	134	0	86	714	0	0	225	134	0	0	0	225	331	225	331	0	225	134	70	331	225	0	0	0	331	0	225
0	0	172	0	0	0	0	86	0	0	129	193	0	0	86	172	0	129	0	172	181	129	193	0	0	0	181	181	0	92	0	843	181	843	0	86	193	0	86	774	843	0	0	774	70	0	86	0	714	0	70	92	86	0	70	0	0	134	0	86	714	0	0	225	134	0	0	0	225	331	225	331	0	225	134	70	331	225	0	0	0	331	0	225
0	0	429	0	0	0	0	0	0	568	405	568	0	405	0	429	0	182	405	0	578	182	194	336	429	194	405	0	0	182	835	843	835	843	0	109	194	336	0	774	843	182	0	774	70	109	0	0	714	0	70	182	109	578	70	336	109	0	574	746	714	0	0	0	574	746	0	299	0	336	429	0	0	0	574	70	460	0	109	0	460	0	336	299
0	0	429	0	0	0	0	0	0	568	405	568	0	405	0	429	0	182	405	0	578	182	194	336	429	194	405	0	0	182	835	843	835	843	0	109	194	336	0	774	843	182	0	774	70	109	0	0	714	0	70	182	109	578	70	336	109	0	574	746	714	0	0	0	574	746	0	299	0	336	429	0	0	0	574	70	460	0	109	0	460	0	336	299
0	0	429	0	0	0	0	0	0	568	405	568	0	405	0	429	0	182	405	0	578	182	194	336	429	194	405	0	0	182	835	843	835	843	0	109	194	336	0	774	843	182	0	774	70	109	0	0	714	0	70	182	109	578	70	336	109	0	574	746	714	0	0	0	574	746	0	299	0	336	429	0	0	0	574	70	460	0	109	0	460	0	336	299
0	0	429	0	0	0	0	0	0	568	405	568	0	405	0	429	0	182	405	72	578	182	194	336	429	194	405	72	0	182	835	0	835	0	124	109	194	336	0	774	0	182	124	774	72	109	82	124	0	72	124	182	109	578	82	336	109	0	574	746	0	0	0	0	574	746	0	299	0	336	429	0	0	0	574	82	460	0	109	0	460	0	336	299
0	0	429	0	0	0	0	0	0	568	405	568	0	405	0	429	0	182	405	72	578	182	194	336	429	194	405	72	0	182	835	0	835	0	124	109	194	336	0	774	0	182	124	774	72	109	82	124	0	72	124	182	109	578	82	336	109	0	574	746	0	0	0	0	574	746	0	299	0	336	429	0	0	0	574	82	460	0	109	0	460	0	336	299
0	0	429	0	0	0	0	0	0	568	405	568	0	405	0	429	0	182	405	72	578	182	194	336	429	194	405	72	0	182	835	0	835	0	124	109	194	336	0	774	0	182	124	774	72	109	82	124	0	72	124	182	109	578	82	336	109	0	574	746	0	0	0	0	574	746	0	299	0	336	429	0	0	0	574	82	460	0	109	0	460	0	336	299
0	534	0	0	0	0	0	0	0	589	534	0	0	534	114	0	589	182	534	72	0	182	534	0	589	534	0	72	0	182	0	0	0	0	124	114	0	0	114	0	0	182	124	0	72	146	82	124	146	72	124	182	114	0	82	0	146	146	0	0	0	0	0	0	0	0	0	0	0	0	589	0	0	0	0	82	0	146	0	589	0	0	0	0
0	534	0	0	0	0	0	0	0	589	534	0	0	534	114	0	589	182	534	72	0	182	534	0	589	534	0	72	0	182	0	0	0	0	124	114	0	0	114	0	0	182	124	0	72	146	82	124	146	72	124	182	114	0	82	0	146	146	0	0	0	0	0	0	0	0	0	0	0	0	589	0	0	0	0	82	0	146	0	589	0	0	0	0
0	534	0	0	0	0	0	0	0	589	534	0	0	534	114	0	589	182	534	72	0	182	534	0	589	534	0	72	0	182	0	0	0	0	124	114	0	0	114	0	0	182	124	0	72	146	82	124	146	72	124	182	114	0	82	0	146	146	0	0	0	0	0	0	0	0	0	0	0	0	589	0	0	0	0	82	0	146	0	589	0	0	0	0
0	534	220	0	0	0	0	0	0	589	534	0	0	534	114	220	589	275	534	220	166	616	534	275	589	534	166	166	616	0	0	0	0	0	160	114	160	0	114	93	0	268	160	93	76	146	0	160	146	0	160	268	114	616	93	275	146	146	0	0	0	0	0	0	0	0	0	93	0	275	589	0	166	0	0	616	0	146	0	589	0	0	275	0
0	534	220	0	0	0	0	0	0	589	534	0	0	534	114	220	589	275	534	220	166	616	534	275	589	534	166	166	616	0	0	0	0	0	160	114	160	0	114	93	0	268	160	93	76	146	0	160	146	0	160	268	114	616	93	275	146	146	0	0	0	0	0	0	0	0	0	93	0	275	589	0	166	0	0	616	0	146	0	589	0	0	275	0
0	534	220	0	0	0	0	0	0	589	534	0	0	534	114	220	589	275	534	220	166	616	534	275	589	534	166	166	616	0	0	0	0	0	160	114	160	0	114	93	0	268	160	93	76	146	0	160	146	0	160	268	114	616	93	275	146	146	0	0	0	0	0	0	0	0	0	93	0	275	589	0	166	0	0	616	0	146	0	589	0	0	275	0
0	534	220	634	0	0	0	148	0	634	534	0	0	534	148	220	0	275	534	220	166	616	534	275	615	534	166	166	616	0	0	0	0	148	160	188	160	0	148	93	0	268	160	93	76	188	0	160	360	0	160	268	188	616	93	275	188	0	0	360	0	0	0	261	0	0	360	93	261	275	647	0	166	0	0	616	0	261	188	0	0	0	275	261
0	534	220	634	0	0	0	148	0	634	534	0	0	534	148	220	0	275	534	220	166	616	534	275	615	534	166	166	616	0	0	0	0	148	160	188	160	0	148	93	0	268	160	93	76	188	0	160	360	0	160	268	188	616	93	275	188	0	0	360	0	0	0	261	0	0	360	93	261	275	647	0	166	0	0	616	0	261	188	0	0	0	275	261
0	534	220	634	0	0	0	148	0	634	534	0	0	534	148	220	0	275	534	220	166	616	534	275	615	534	166	166	616	0	0	0	0	148	160	188	160	0	148	93	0	268	160	93	76	188	0	160	360	0	160	268	188	616	93	275	188	0	0	360	0	0	0	261	0	0	360	93	261	275	647	0	166	0	0	616	0	261	188	0	0	0	275	261
0	0	0	634	0	0	0	148	0	634	0	190	0	0	148	0	0	0	0	0	166	0	817	785	615	817	166	166	0	329	0	0	0	148	190	188	190	0	148	93	0	329	0	93	80	188	0	0	360	0	190	329	188	0	93	0	188	80	0	360	0	0	365	261	80	0	360	93	261	365	647	0	166	0	80	0	365	261	188	0	0	0	365	261
0	0	0	634	0	0	0	148	0	634	0	190	0	0	148	0	0	0	0	0	166	0	817	785	615	817	166	166	0	329	0	0	0	148	190	188	190	0	148	93	0	329	0	93	80	188	0	0	360	0	190	329	188	0	93	0	188	80	0	360	0	0	365	261	80	0	360	93	261	365	647	0	166	0	80	0	365	261	188	0	0	0	365	261
0	0	0	634	0	0	0	148	0	634	0	190	0	0	148	0	0	0	0	0	166	0	817	785	615	817	166	166	0	329	0	0	0	148	190	188	190	0	148	93	0	329	0	93	80	188	0	0	360	0	190	329	188	0	93	0	188	80	0	360	0	0	365	261	80	0	360	93	261	365	647	0	166	0	80	0	365	261	188	0	0	0	365	261
0	0	0	0	0	0	0	148	0	928	415	190	0	0	148	192	0	0	415	192	214	0	817	785	0	817	415	214	0	329	0	0	0	148	190	0	190	0	148	0	0	329	214	0	80	0	101	214	360	214	190	329	0	192	101	0	789	80	0	360	0	0	365	261	80	0	360	192	261	365	0	101	415	0	80	101	365	261	0	0	0	0	365	261
0	0	0	0	0	0	0	148	0	928	415	190	0	0	148	192	0	0	415	192	214	0	817	785	0	817	415	214	0	329	0	0	0	148	190	0	190	0	148	0	0	329	214	0	80	0	101	214	360	214	190	329	0	192	101	0	789	80	0	360	0	0	365	261	80	0	360	192	261	365	0	101	415	0	80	101	365	261	0	0	0	0	365	261
0	0	0	0	0	0	0	148	0	928	415	190	0	0	148	192	0	0	415	192	214	0	817	785	0	817	415	214	0	329	0	0	0	148	190	0	190	0	148	0	0	329	214	0	80	0	101	214	360	214	190	329	0	192	101	0	789	80	0	360	0	0	365	261	80	0	360	192	261	365	0	101	415	0	80	101	365	261	0	0	0	0	365	261
0	0	0	0	0	0	0	0	0	928	415	0	0	0	0	192	0	198	415	192	214	198	0	0	538	0	415	214	198	329	0	0	0	198	0	208	0	0	208	0	0	329	214	0	80	208	101	214	0	214	0	329	208	192	101	208	789	80	0	773	0	0	365	0	80	773	0	192	538	365	538	101	415	0	80	101	365	538	0	0	0	0	365	0
0	0	0	0	0	0	0	0	0	928	415	0	0	0	0	192	0	198	415	192	214	198	0	0	538	0	415	214	198	329	0	0	0	198	0	208	0	0	208	0	0	329	214	0	80	208	101	214	0	214	0	329	208	192	101	208	789	80	0	773	0	0	365	0	80	773	0	192	538	365	538	101	415	0	80	101	365	538	0	0	0	0	365	0
0	0	0	0	0	0	0	0	0	928	415	0	0	0	0	192	0	198	415	192	214	198	0	0	538	0	415	214	198	329	0	0	0	198	0	208	0	0	208	0	0	329	214	0	80	208	101	214	0	214	0	329	208	192	101	208	789	80	0	773	0	0	365	0	80	773	0	192	538	365	538	101	415	0	80	101	365	538	0	0	0	0	365	0
0	0	0	0	0	0	0	0	0	0	0	0	89	0	0	192	0	198	0	192	0	198	0	0	538	0	0	0	198	354	0	0	0	198	89	208	89	0	208	241	0	354	607	607	89	208	128	241	354	0	89	354	208	192	128	208	0	89	241	773	0	0	0	241	89	773	0	192	538	0	538	128	0	0	0	128	0	538	0	0	0	241	0	0
0	0	0	0	0	0	0	0	0	0	0	0	89	0	0	192	0	198	0	192	0	198	0	0	538	0	0	0	198	354	0	0	0	198	89	208	89	0	208	241	0	354	607	607	89	208	128	241	354	0	89	354	208	192	128	208	0	89	241	773	0	0	0	241	89	773	0	192	538	0	538	128	0	0	0	128	0	538	0	0	0	241	0	0
0	0	0	0	0	0	0	0	0	0	0	0	89	0	0	192	0	198	0	192	0	198	0	0	538	0	0	0	198	354	0	0	0	198	89	208	89	0	208	241	0	354	607	607	89	208	128	241	354	0	89	354	208	192	128	208	0	89	241	773	0	0	0	241	89	773	0	192	538	0	538	128	0	0	0	128	0	538	0	0	0	241	0	0
0	216	0	0	0	0	0	0	0	733	0	0	89	0	216	204	733	198	0	204	733	198	0	0	733	0	0	0	198	354	0	0	0	198	89	216	89	733	216	241	0	354	607	607	89	212	128	241	354	0	89	354	0	204	128	0	212	89	241	970	0	0	0	241	89	0	0	204	0	0	0	128	0	0	0	128	0	0	0	0	0	241	0	204
0	216	0	0	0	0	0	0	0	733	0	0	89	0	216	204	733	198	0	204	733	198	0	0	733	0	0	0	198	354	0	0	0	198	89	216	89	733	216	241	0	354	607	607	89	212	128	241	354	0	89	354	0	204	128	0	212	89	241	970	0	0	0	241	89	0	0	204	0	0	0	128	0	0	0	128	0	0	0	0	0	241	0	204
0	216	0	0	0	0	0	0	0	733	0	0	89	0	216	204	733	198	0	204	733	198	0	0	733	0	0	0	198	354	0	0	0	198	89	216	89	733	216	241	0	354	607	607	89	212	128	241	354	0	89	354	0	204	128	0	212	89	241	970	0	0	0	241	89	0	0	204	0	0	0	128	0	0	0	128	0	0	0	0	0	241	0	204
0	216	0	0	0	0	0	0	0	733	343	0	0	235	216	204	733	343	0	204	733	435	0	343	733	435	222	96	435	0	235	0	0	435	235	216	235	733	216	0	0	0	705	0	96	212	147	705	0	96	0	0	147	204	306	343	212	96	705	970	147	0	222	0	0	0	0	204	0	222	435	222	0	0	0	306	222	0	0	0	306	0	222	204
0	216	0	0	0	0	0	0	0	733	343	0	0	235	216	204	733	343	0	204	733	435	0	343	733	435	222	96	435	0	235	0	0	435	235	216	235	733	216	0	0	0	705	0	96	212	147	705	0	96	0	0	147	204	306	343	212	96	705	970	147	0	222	0	0	0	0	204	0	222	435	222	0	0	0	306	222	0	0	0	306	0	222	204
0	216	0	0	0	0	0	0	0	733	343	0	0	235	216	204	733	343	0	204	733	435	0	343	733	435	222	96	435	0	235	0	0	435	235	216	235	733	216	0	0	0	705	0	96	212	147	705	0	96	0	0	147	204	306	343	212	96	705	970	147	0	222	0	0	0	0	204	0	222	435	222	0	0	0	306	222	0	0	0	306	0	222	204
0	0	756	0	0	0	0	0	756	0	343	0	0	235	0	0	756	343	0	0	756	435	0	343	756	435	222	96	435	0	235	300	0	435	235	0	235	0	0	0	300	0	705	0	96	300	147	705	0	96	0	0	147	756	306	343	300	96	705	0	147	0	222	234	0	0	0	756	234	222	435	222	0	0	0	306	222	0	234	0	306	0	222	234
0	0	756	0	0	0	0	0	756	0	343	0	0	235	0	0	756	343	0	0	756	435	0	343	756	435	222	96	435	0	235	300	0	435	235	0	235	0	0	0	300	0	705	0	96	300	147	705	0	96	0	0	147	756	306	343	300	96	705	0	147	0	222	234	0	0	0	756	234	222	435	222	0	0	0	306	222	0	234	0	306	0	222	234
0	0	756	0	0	0	0	0	756	0	343	0	0	235	0	0	756	343	0	0	756	435	0	343	756	435	222	96	435	0	235	300	0	435	235	0	235	0	0	0	300	0	705	0	96	300	147	705	0	96	0	0	147	756	306	343	300	96	705	0	147	0	222	234	0	0	0	756	234	222	435	222	0	0	0	306	222	0	234	0	306	0	222	234
762	0	756	159	762	0	762	0	756	159	343	0	0	235	159	238	756	343	762	238	756	0	0	343	756	762	222	238	0	0	235	300	0	0	235	159	235	0	159	0	300	349	705	0	105	300	159	705	349	0	105	349	159	756	0	343	300	105	705	0	349	0	222	234	105	0	0	756	234	222	0	222	0	0	105	0	222	0	234	0	0	0	222	234
762	0	756	159	762	0	762	0	756	159	343	0	0	235	159	238	756	343	762	238	756	0	0	343	756	762	222	238	0	0	235	300	0	0	235	159	235	0	159	0	300	349	705	0	105	300	159	705	349	0	105	349	159	756	0	343	300	105	705	0	349	0	222	234	105	0	0	756	234	222	0	222	0	0	105	0	222	0	234	0	0	0	222	234
762	0	756	159	762	0	762	0	756	159	343	0	0	235	159	238	756	343	762	238	756	0	0	343	756	762	222	238	0	0	235	300	0	0	235	159	235	0	159	0	300	349	705	0	105	300	159	705	349	0	105	349	159	756	0	343	300	105	705	0	349	0	222	234	105	0	0	756	234	222	0	222	0	0	105	0	222	0	234	0	0	0	222	234
762	0	0	159	762	0	762	0	0	159	414	270	0	0	159	238	0	414	762	238	0	0	414	0	0	762	0	238	270	0	968	0	0	0	270	159	270	0	159	968	0	349	0	968	105	0	159	0	349	0	105	349	159	0	0	0	0	105	0	0	349	0	0	234	105	0	0	0	234	377	0	0	0	0	105	0	377	0	234	0	377	377	472	234
762	0	0	159	762	0	762	0	0	159	414	270	0	0	159	238	0	414	762	238	0	0	414	0	0	762	0	238	270	0	968	0	0	0	270	159	270	0	159	968	0	349	0	968	105	0	159	0	349	0	105	349	159	0	0	0	0	105	0	0	349	0	0	234	105	0	0	0	234	377	0	0	0	0	105	0	377	0	234	0	377	377	472	234
762	0	0	159	762	0	762	0	0	159	414	270	0	0	159	238	0	414	762	238	0	0	414	0	0	762	0	238	270	0	968	0	0	0	270	159	270	0	159	968	0	349	0	968	105	0	159	0	349	0	105	349	159	0	0	0	0	105	0	0	349	0	0	234	105	0	0	0	234	377	0	0	0	0	105	0	377	0	234	0	377	377	472	234
0	0	529	0	0	0	0	168	0	0	414	270	0	0	168	529	253	414	0	253	298	371	414	0	529	0	298	298	270	371	968	0	0	0	270	168	270	371	168	968	0	371	242	968	106	178	168	242	371	106	242	371	168	253	106	0	178	178	0	168	0	0	0	301	0	0	168	106	301	377	529	0	298	0	0	253	377	301	0	0	377	377	472	301
0	0	529	0	0	0	0	168	0	0	414	270	0	0	168	529	253	414	0	253	298	371	414	0	529	0	298	298	270	371	968	0	0	0	270	168	270	371	168	968	0	371	242	968	106	178	168	242	371	106	242	371	168	253	106	0	178	178	0	168	0	0	0	301	0	0	168	106	301	377	529	0	298	0	0	253	377	301	0	0	377	377	472	301
0	0	529	0	0	0	0	168	0	0	414	270	0	0	168	529	253	414	0	253	298	371	414	0	529	0	298	298	270	371	968	0	0	0	270	168	270	371	168	968	0	371	242	968	106	178	168	242	371	106	242	371	168	253	106	0	178	178	0	168	0	0	0	301	0	0	168	106	301	377	529	0	298	0	0	253	377	301	0	0	377	377	472	301
0	0	529	0	468	0	0	168	0	0	566	270	0	566	168	529	253	468	566	253	298	371	468	566	529	566	298	298	270	371	0	0	0	0	270	168	270	371	168	0	0	371	242	0	106	178	168	242	371	106	242	371	168	253	106	0	178	178	0	168	0	0	0	301	0	0	168	106	301	0	529	0	298	0	0	253	0	301	0	0	0	0	0	301
0	0	529	0	468	0	0	168	0	0	566	270	0	566	168	529	253	468	566	253	298	371	468	566	529	566	298	298	270	371	0	0	0	0	270	168	270	371	168	0	0	371	242	0	106	178	168	242	371	106	242	371	168	253	106	0	178	178	0	168	0	0	0	301	0	0	168	106	301	0	529	0	298	0	0	253	0	301	0	0	0	0	0	301
0	0	529	0	468	0	0	168	0	0	566	270	0	566	168	529	253	468	566	253	298	371	468	566	529	566	298	298	270	371	0	0	0	0	270	168	270	371	168	0	0	371	242	0	106	178	168	242	371	106	242	371	168	253	106	0	178	178	0	168	0	0	0	301	0	0	168	106	301	0	529	0	298	0	0	253	0	301	0	0	0	0	0	301
0	199	0	0	468	0	0	0	0	878	566	878	276	566	199	0	253	468	566	253	0	371	468	566	0	566	305	334	0	371	334	0	334	199	276	0	276	371	199	0	280	371	473	0	106	280	0	473	371	106	276	371	0	253	106	0	280	788	473	0	0	0	0	366	473	0	0	106	366	305	0	305	0	0	0	253	305	0	280	0	0	0	305	366
0	199	0	0	468	0	0	0	0	878	566	878	276	566	199	0	253	468	566	253	0	371	468	566	0	566	305	334	0	371	334	0	334	199	276	0	276	371	199	0	280	371	473	0	106	280	0	473	371	106	276	371	0	253	106	0	280	788	473	0	0	0	0	366	473	0	0	106	366	305	0	305	0	0	0	253	305	0	280	0	0	0	305	366
0	199	0	0	468	0	0	0	0	878	566	878	276	566	199	0	253	468	566	253	0	371	468	566	0	566	305	334	0	371	334	0	334	199	276	0	276	371	199	0	280	371	473	0	106	280	0	473	371	106	276	371	0	253	106	0	280	788	473	0	0	0	0	366	473	0	0	106	366	305	0	305	0	0	0	253	305	0	280	0	0	0	305	366
0	199	319	600	0	0	0	0	0	878	600	878	276	0	199	319	0	0	600	319	0	0	0	600	0	600	305	334	0	694	334	398	334	199	276	0	276	0	199	0	280	398	473	0	108	280	161	473	0	108	276	694	0	319	161	600	280	788	473	0	0	0	0	366	473	0	0	0	366	305	0	305	0	0	0	319	305	0	280	0	0	0	305	366
0	199	319	600	0	0	0	0	0	878	600	878	276	0	199	319	0	0	600	319	0	0	0	600	0	600	305	334	0	694	334	398	334	199	276	0	276	0	199	0	280	398	473	0	108	280	161	473	0	108	276	694	0	319	161	600	280	788	473	0	0	0	0	366	473	0	0	0	366	305	0	305	0	0	0	319	305	0	280	0	0	0	305	366
0	199	319	600	0	0	0	0	0	878	600	878	276	0	199	319	0	0	600	319	0	0	0	600	0	600	305	334	0	694	334	398	334	199	276	0	276	0	199	0	280	398	473	0	108	280	161	473	0	108	276	694	0	319	161	600	280	788	473	0	0	0	0	366	473	0	0	0	366	305	0	305	0	0	0	319	305	0	280	0	0	0	305	366
0	0	319	600	362	0	0	0	0	878	600	878	276	0	209	319	0	362	600	319	0	362	0	600	0	600	305	0	362	694	823	398	0	362	276	209	276	0	209	823	280	398	0	0	108	280	161	0	0	108	276	694	209	319	161	600	280	0	0	0	0	0	0	830	0	830	0	0	622	305	0	305	0	0	0	319	305	622	280	0	0	0	305	0
0	0	319	600	362	0	0	0	0	878	600	878	276	0	209	319	0	362	600	319	0	362	0	600	0	600	305	0	362	694	823	398	0	362	276	209	276	0	209	823	280	398	0	0	108	280	161	0	0	108	276	694	209	319	161	600	280	0	0	0	0	0	0	830	0	830	0	0	622	305	0	305	0	0	0	319	305	622	280	0	0	0	305	0
0	0	319	600	362	0	0	0	0	878	600	878	276	0	209	319	0	362	600	319	0	362	0	600	0	600	305	0	362	694	823	398	0	362	276	209	276	0	209	823	280	398	0	0	108	280	161	0	0	108	276	694	209	319	161	600	280	0	0	0	0	0	0	830	0	830	0	0	622	305	0	305	0	0	0	319	305	622	280	0	0	0	305	0
0	0	0	0	362	0	0	0	0	0	0	0	0	0	209	669	0	362	0	325	0	362	347	0	669	0	359	0	362	0	823	467	0	362	0	209	347	0	209	823	0	467	0	0	108	286	161	0	286	108	0	0	209	325	161	0	286	286	0	0	0	374	0	830	0	830	0	325	622	374	0	359	0	0	0	0	359	622	286	0	0	0	374	325
0	0	0	0	362	0	0	0	0	0	0	0	0	0	209	669	0	362	0	325	0	362	347	0	669	0	359	0	362	0	823	467	0	362	0	209	347	0	209	823	0	467	0	0	108	286	161	0	286	108	0	0	209	325	161	0	286	286	0	0	0	374	0	830	0	830	0	325	622	374	0	359	0	0	0	0	359	622	286	0	0	0	374	325
0	0	0	0	362	0	0	0	0	0	0	0	0	0	209	669	0	362	0	325	0	362	347	0	669	0	359	0	362	0	823	467	0	362	0	209	347	0	209	823	0	467	0	0	108	286	161	0	286	108	0	0	209	325	161	0	286	286	0	0	0	374	0	830	0	830	0	325	622	374	0	359	0	0	0	0	359	622	286	0	0	0	374	325
0	0	0	0	930	0	0	0	930	0	393	0	0	930	209	669	0	393	930	325	0	393	347	0	669	0	359	217	0	393	823	467	0	0	131	209	347	0	209	823	0	467	0	0	131	286	162	0	286	217	131	0	209	325	162	0	286	286	162	0	0	374	0	0	0	0	0	325	622	374	0	359	0	0	0	162	359	622	286	0	162	0	374	325
0	0	0	0	930	0	0	0	930	0	393	0	0	930	209	669	0	393	930	325	0	393	347	0	669	0	359	217	0	393	823	467	0	0	131	209	347	0	209	823	0	467	0	0	131	286	162	0	286	217	131	0	209	325	162	0	286	286	162	0	0	374	0	0	0	0	0	325	622	374	0	359	0	0	0	162	359	622	286	0	162	0	374	325
0	0	0	0	930	0	0	0	930	0	393	0	0	930	209	669	0	393	930	325	0	393	347	0	669	0	359	217	0	393	823	467	0	0	131	209	347	0	209	823	0	467	0	0	131	286	162	0	286	217	131	0	209	325	162	0	286	286	162	0	0	374	0	0	0	0	0	325	622	374	0	359	0	0	0	162	359	622	286	0	162	0	374	325
0	0	0	0	930	0	0	224	930	0	393	0	0	930	224	698	0	393	930	325	0	393	0	0	698	0	359	217	0	393	0	0	0	224	131	0	0	0	224	0	0	0	0	0	131	286	162	0	286	217	131	0	0	325	162	0	286	286	162	0	0	374	0	0	0	0	0	325	0	374	0	359	0	0	0	162	359	0	286	0	162	0	374	325
0	0	0	0	930	0	0	224	930	0	393	0	0	930	224	698	0	393	930	325	0	393	0	0	698	0	359	217	0	393	0	0	0	224	131	0	0	0	224	0	0	0	0	0	131	286	162	0	286	217	131	0	0	325	162	0	286	286	162	0	0	374	0	0	0	0	0	325	0	374	0	359	0	0	0	162	359	0	286	0	162	0	374	325
0	0	0	0	930	0	0	224	930	0	393	0	0	930	224	698	0	393	930	325	0	393	0	0	698	0	359	217	0	393	0	0	0	224	131	0	0	0	224	0	0	0	0	0	131	286	162	0	286	217	131	0	0	325	162	0	286	286	162	0	0	374	0	0	0	0	0	325	0	374	0	359	0	0	0	162	359	0	286	0	162	0	374	325
0	0	0	0	930	0	0	224	930	0	393	0	0	930	224	698	0	393	930	0	295	393	407	383	698	0	0	295	0	393	0	294	0	224	131	173	0	383	224	501	294	0	0	0	131	294	173	501	431	295	131	0	173	407	324	383	0	431	501	0	0	0	0	0	501	0	0	0	340	383	340	0	0	0	0	407	0	340	0	0	0	0	0	340
0	0	0	0	930	0	0	224	930	0	393	0	0	930	224	698	0	393	930	0	295	393	407	383	698	0	0	295	0	393	0	294	0	224	131	173	0	383	224	501	294	0	0	0	131	294	173	501	431	295	131	0	173	407	324	383	0	431	501	0	0	0	0	0	501	0	0	0	340	383	340	0	0	0	0	407	0	340	0	0	0	0	0	340
0	0	0	0	930	0	0	224	930	0	393	0	0	930	224	698	0	393	930	0	295	393	407	383	698	0	0	295	0	393	0	294	0	224	131	173	0	383	224	501	294	0	0	0	131	294	173	501	431	295	131	0	173	407	324	383	0	431	501	0	0	0	0	0	501	0	0	0	340	383	340	0	0	0	0	407	0	340	0	0	0	0	0	340
0	0	0	0	0	0	0	0	982	0	0	0	136	0	0	698	982	0	0	982	295	437	407	383	698	0	0	295	437	758	0	294	0	437	136	173	136	383	0	501	294	0	0	0	136	294	173	501	431	295	136	758	173	407	324	383	0	431	501	0	0	0	0	0	501	0	0	0	340	383	340	0	0	0	0	407	0	340	0	0	0	0	0	340
0	0	0	0	0	0	0	0	982	0	0	0	136	0	0	698	982	0	0	982	295	437	407	383	698	0	0	295	437	758	0	294	0	437	136	173	136	383	0	501	294	0	0	0	136	294	173	501	431	295	136	758	173	407	324	383	0	431	501	0	0	0	0	0	501	0	0	0	340	383	340	0	0	0	0	407	0	340	0	0	0	0	0	340
0	0	0	0	0	0	0	0	982	0	0	0	136	0	0	698	982	0	0	982	295	437	407	383	698	0	0	295	437	758	0	294	0	437	136	173	136	383	0	501	294	0	0	0	136	294	173	501	431	295	136	758	173	407	324	383	0	431	501	0	0	0	0	0	501	0	0	0	340	383	340	0	0	0	0	407	0	340	0	0	0	0	0	340
0	0	813	0	0	0	0	0	982	195	386	0	136	0	195	813	982	386	0	982	342	437	407	386	813	0	342	342	437	758	0	294	0	437	136	195	136	0	195	0	294	436	0	0	136	294	195	0	436	0	136	758	195	407	333	0	386	859	564	436	195	0	0	0	859	0	0	333	340	564	340	564	0	0	859	407	564	340	0	0	0	564	195	340
0	0	813	0	0	0	0	0	982	195	386	0	136	0	195	813	982	386	0	982	342	437	407	386	813	0	342	342	437	758	0	294	0	437	136	195	136	0	195	0	294	436	0	0	136	294	195	0	436	0	136	758	195	407	333	0	386	859	564	436	195	0	0	0	859	0	0	333	340	564	340	564	0	0	859	407	564	340	0	0	0	564	195	340
0	0	813	0	0	0	0	0	982	195	386	0	136	0	195	813	982	386	0	982	342	437	407	386	813	0	342	342	437	758	0	294	0	437	136	195	136	0	195	0	294	436	0	0	136	294	195	0	436	0	136	758	195	407	333	0	386	859	564	436	195	0	0	0	859	0	0	333	340	564	340	564	0	0	859	407	564	340	0	0	0	564	195	340
0	0	813	0	0	0	0	0	0	195	386	0	0	282	195	813	0	386	0	0	342	0	0	386	813	0	342	342	0	0	0	0	0	0	282	195	282	0	195	0	356	436	0	0	139	356	195	0	436	0	139	0	195	0	333	356	386	859	564	436	195	0	0	422	859	0	0	333	422	564	0	564	0	0	859	0	564	422	0	0	0	564	195	422
0	0	813	0	0	0	0	0	0	195	386	0	0	282	195	813	0	386	0	0	342	0	0	386	813	0	342	342	0	0	0	0	0	0	282	195	282	0	195	0	356	436	0	0	139	356	195	0	436	0	139	0	195	0	333	356	386	859	564	436	195	0	0	422	859	0	0	333	422	564	0	564	0	0	859	0	564	422	0	0	0	564	195	422
0	0	813	0	0	0	0	0	0	195	386	0	0	282	195	813	0	386	0	0	342	0	0	386	813	0	342	342	0	0	0	0	0	0	282	195	282	0	195	0	356	436	0	0	139	356	195	0	436	0	139	0	195	0	333	356	386	859	564	436	195	0	0	422	859	0	0	333	422	564	0	564	0	0	859	0	564	422	0	0	0	564	195	422
0	0	0	0	394	0	394	0	0	195	0	0	0	282	195	0	367	394	0	367	342	394	0	0	0	0	342	342	394	0	0	0	0	0	282	195	282	0	195	0	356	0	339	339	139	356	195	0	0	0	139	0	195	367	339	356	0	0	0	0	195	0	0	422	0	0	0	367	422	0	0	0	0	0	0	339	0	422	0	0	0	0	195	422
0	0	0	0	394	0	394	0	0	195	0	0	0	282	195	0	367	394	0	367	342	394	0	0	0	0	342	342	394	0	0	0	0	0	282	195	282	0	195	0	356	0	339	339	139	356	195	0	0	0	139	0	195	367	339	356	0	0	0	0	195	0	0	422	0	0	0	367	422	0	0	0	0	0	0	339	0	422	0	0	0	0	195	422
0	0	0	0	394	0	394	0	0	195	0	0	0	282	195	0	367	394	0	367	342	394	0	0	0	0	342	342	394	0	0	0	0	0	282	195	282	0	195	0	356	0	339	339	139	356	195	0	0	0	139	0	195	367	339	356	0	0	0	0	195	0	0	422	0	0	0	367	422	0	0	0	0	0	0	339	0	422	0	0	0	0	195	422
0	580	0	0	394	0	394	0	0	266	580	0	353	580	266	652	367	394	580	367	0	394	580	0	652	580	389	0	394	219	449	0	0	0	449	266	353	0	266	449	0	266	339	339	139	387	219	449	387	0	139	266	219	367	339	0	387	387	449	0	0	389	0	0	449	0	0	367	0	389	652	389	0	0	449	339	389	652	387	0	0	0	389	0
0	580	0	0	394	0	394	0	0	266	580	0	353	580	266	652	367	394	580	367	0	394	580	0	652	580	389	0	394	219	449	0	0	0	449	266	353	0	266	449	0	266	339	339	139	387	219	449	387	0	139	266	219	367	339	0	387	387	449	0	0	389	0	0	449	0	0	367	0	389	652	389	0	0	449	339	389	652	387	0	0	0	389	0
0	580	0	0	394	0	394	0	0	266	580	0	353	580	266	652	367	394	580	367	0	394	580	0	652	580	389	0	394	219	449	0	0	0	449	266	353	0	266	449	0	266	339	339	139	387	219	449	387	0	139	266	219	367	339	0	387	387	449	0	0	389	0	0	449	0	0	367	0	389	652	389	0	0	449	339	389	652	387	0	0	0	389	0
0	580	0	0	411	0	0	0	0	266	580	0	353	580	266	652	388	411	580	388	0	411	580	0	652	580	389	0	411	219	449	0	0	411	449	266	353	0	266	449	0	266	339	339	180	387	219	449	387	0	0	266	219	388	339	0	387	387	449	0	0	389	0	388	449	0	0	388	0	389	652	389	0	0	449	339	389	652	387	0	0	0	389	388
0	580	0	0	411	0	0	0	0	266	580	0	353	580	266	652	388	411	580	388	0	411	580	0	652	580	389	0	411	219	449	0	0	411	449	266	353	0	266	449	0	266	339	339	180	387	219	449	387	0	0	266	219	388	339	0	387	387	449	0	0	389	0	388	449	0	0	388	0	389	652	389	0	0	449	339	389	652	387	0	0	0	389	388
0	580	0	0	411	0	0	0	0	266	580	0	353	580	266	652	388	411	580	388	0	411	580	0	652	580	389	0	411	219	449	0	0	411	449	266	353	0	266	449	0	266	339	339	180	387	219	449	387	0	0	266	219	388	339	0	387	387	449	0	0	389	0	388	449	0	0	388	0	389	652	389	0	0	449	339	389	652	387	0	0	0	389	388
0	0	736	748	411	736	0	0	0	0	748	0	0	0	0	736	388	411	748	388	409	411	748	401	736	748	409	409	411	219	0	0	409	411	0	0	0	0	0	902	0	441	572	0	180	403	219	572	441	0	0	902	219	388	401	0	403	0	572	0	0	0	0	388	572	0	0	388	0	396	736	0	0	0	572	0	0	0	0	736	0	0	396	388
0	0	736	748	411	736	0	0	0	0	748	0	0	0	0	736	388	411	748	388	409	411	748	401	736	748	409	409	411	219	0	0	409	411	0	0	0	0	0	902	0	441	572	0	180	403	219	572	441	0	0	902	219	388	401	0	403	0	572	0	0	0	0	388	572	0	0	388	0	396	736	0	0	0	572	0	0	0	0	736	0	0	396	388
0	0	736	748	411	736	0	0	0	0	748	0	0	0	0	736	388	411	748	388	409	411	748	401	736	748	409	409	411	219	0	0	409	411	0	0	0	0	0	902	0	441	572	0	180	403	219	572	441	0	0	902	219	388	401	0	403	0	572	0	0	0	0	388	572	0	0	388	0	396	736	0	0	0	572	0	0	0	0	736	0	0	396	388
0	237	736	748	411	736	0	0	0	0	748	183	0	0	237	736	0	411	748	0	409	411	748	401	736	748	409	409	411	0	0	0	409	411	183	237	183	0	237	902	0	441	572	0	183	403	237	572	441	0	183	902	237	0	401	0	403	183	572	237	0	0	0	0	572	0	237	0	390	396	736	0	0	0	572	0	0	390	0	736	0	0	396	390
0	237	736	748	411	736	0	0	0	0	748	183	0	0	237	736	0	411	748	0	409	411	748	401	736	748	409	409	411	0	0	0	409	411	183	237	183	0	237	902	0	441	572	0	183	403	237	572	441	0	183	902	237	0	401	0	403	183	572	237	0	0	0	0	572	0	237	0	390	396	736	0	0	0	572	0	0	390	0	736	0	0	396	390
0	237	736	748	411	736	0	0	0	0	748	183	0	0	237	736	0	411	748	0	409	411	748	401	736	748	409	409	411	0	0	0	409	411	183	237	183	0	237	902	0	441	572	0	183	403	237	572	441	0	183	902	237	0	401	0	403	183	572	237	0	0	0	0	572	0	237	0	390	396	736	0	0	0	572	0	0	390	0	736	0	0	396	390
0	237	736	0	0	736	0	0	0	0	0	183	0	0	237	736	433	0	0	433	410	0	0	401	736	0	410	0	0	0	0	0	0	0	183	237	183	410	237	0	907	543	0	0	183	433	237	0	543	0	183	907	237	433	401	0	867	183	0	237	0	0	0	0	0	0	237	0	390	396	736	0	0	0	0	0	0	390	0	736	0	0	396	390
0	237	736	0	0	736	0	0	0	0	0	183	0	0	237	736	433	0	0	433	410	0	0	401	736	0	410	0	0	0	0	0	0	0	183	237	183	410	237	0	907	543	0	0	183	433	237	0	543	0	183	907	237	433	401	0	867	183	0	237	0	0	0	0	0	0	237	0	390	396	736	0	0	0	0	0	0	390	0	736	0	0	396	390
0	237	736	0	0	736	0	0	0	0	0	183	0	0	237	736	433	0	0	433	410	0	0	401	736	0	410	0	0	0	0	0	0	0	183	237	183	410	237	0	907	543	0	0	183	433	237	0	543	0	183	907	237	433	401	0	867	183	0	237	0	0	0	0	0	0	237	0	390	396	736	0	0	0	0	0	0	390	0	736	0	0	396	390
0	0	797	0	406	0	406	0	0	0	0	183	0	0	246	797	433	406	0	433	410	0	0	406	797	0	410	0	0	0	0	0	0	0	183	246	183	410	246	0	907	543	0	0	183	433	246	0	543	0	183	907	246	433	406	0	867	183	0	0	246	0	0	0	0	0	0	0	390	0	797	0	0	0	0	0	0	390	0	0	0	0	0	390
0	0	797	0	406	0	406	0	0	0	0	183	0	0	246	797	433	406	0	433	410	0	0	406	797	0	410	0	0	0	0	0	0	0	183	246	183	410	246	0	907	543	0	0	183	433	246	0	543	0	183	907	246	433	406	0	867	183	0	0	246	0	0	0	0	0	0	0	390	0	797	0	0	0	0	0	0	390	0	0	0	0	0	390
0	0	797	0	406	0	406	0	0	0	0	183	0	0	246	797	433	406	0	433	410	0	0	406	797	0	410	0	0	0	0	0	0	0	183	246	183	410	246	0	907	543	0	0	183	433	246	0	543	0	183	907	246	433	406	0	867	183	0	0	246	0	0	0	0	0	0	0	390	0	797	0	0	0	0	0	0	390	0	0	0	0	0	390
0	0	797	0	406	0	406	0	0	0	521	0	281	0	246	797	439	406	521	439	0	463	0	406	797	0	521	439	463	0	0	903	439	903	281	246	281	0	246	0	907	903	281	0	196	0	246	281	0	196	281	907	246	463	406	0	0	196	0	0	246	0	0	0	196	0	0	463	989	0	797	0	521	0	196	0	0	0	989	0	0	0	0	0
0	0	797	0	406	0	406	0	0	0	521	0	281	0	246	797	439	406	521	439	0	463	0	406	797	0	521	439	463	0	0	903	439	903	281	246	281	0	246	0	907	903	281	0	196	0	246	281	0	196	281	907	246	463	406	0	0	196	0	0	246	0	0	0	196	0	0	463	989	0	797	0	521	0	196	0	0	0	989	0	0	0	0	0
0	0	797	0	406	0	406	0	0	0	521	0	281	0	246	797	439	406	521	439	0	463	0	406	797	0	521	439	463	0	0	903	439	903	281	246	281	0	246	0	907	903	281	0	196	0	246	281	0	196	281	907	246	463	406	0	0	196	0	0	246	0	0	0	196	0	0	463	989	0	797	0	521	0	196	0	0	0	989	0	0	0	0	0
0	0	0	0	408	0	0	0	0	262	521	0	281	0	262	0	439	408	521	439	0	463	0	408	0	0	521	439	463	0	0	903	439	903	281	262	281	0	262	0	0	903	281	0	196	0	262	281	391	196	281	0	262	463	440	408	0	196	0	0	391	0	0	0	196	0	0	463	989	408	0	0	521	0	196	440	0	0	989	0	0	0	408	391
0	0	0	0	408	0	0	0	0	262	521	0	281	0	262	0	439	408	521	439	0	463	0	408	0	0	521	439	463	0	0	903	439	903	281	262	281	0	262	0	0	903	281	0	196	0	262	281	391	196	281	0	262	463	440	408	0	196	0	0	391	0	0	0	196	0	0	463	989	408	0	0	521	0	196	440	0	0	989	0	0	0	408	391
0	0	0	0	408	0	0	0	0	262	521	0	281	0	262	0	439	408	521	439	0	463	0	408	0	0	521	439	463	0	0	903	439	903	281	262	281	0	262	0	0	903	281	0	196	0	262	281	391	196	281	0	262	463	440	408	0	196	0	0	391	0	0	0	196	0	0	463	989	408	0	0	521	0	196	440	0	0	989	0	0	0	408	391
0	0	469	0	408	0	0	0	0	262	896	0	0	310	262	469	692	408	896	469	0	0	0	408	692	0	0	492	0	0	0	0	0	0	310	262	310	0	262	0	0	0	304	0	207	442	262	304	391	492	304	0	262	469	440	408	442	442	0	0	391	0	0	0	0	0	0	469	989	408	692	0	0	0	0	440	0	442	989	0	0	0	408	391
0	0	469	0	408	0	0	0	0	262	896	0	0	310	262	469	692	408	896	469	0	0	0	408	692	0	0	492	0	0	0	0	0	0	310	262	310	0	262	0	0	0	304	0	207	442	262	304	391	492	304	0	262	469	440	408	442	442	0	0	391	0	0	0	0	0	0	469	989	408	692	0	0	0	0	440	0	442	989	0	0	0	408	391
0	0	469	0	408	0	0	0	0	262	896	0	0	310	262	469	692	408	896	469	0	0	0	408	692	0	0	492	0	0	0	0	0	0	310	262	310	0	262	0	0	0	304	0	207	442	262	304	391	492	304	0	262	469	440	408	442	442	0	0	391	0	0	0	0	0	0	469	989	408	692	0	0	0	0	440	0	442	989	0	0	0	408	391
0	0	469	0	0	0	0	0	0	0	896	0	0	310	263	469	692	420	896	469	0	420	0	0	692	0	416	492	0	287	0	0	263	0	310	0	310	0	263	0	0	0	304	0	207	442	287	304	0	492	304	0	287	469	0	0	442	442	0	0	0	0	0	446	0	0	0	469	0	416	692	416	0	446	0	0	416	442	0	0	0	0	0	446
0	0	469	0	0	0	0	0	0	0	896	0	0	310	263	469	692	420	896	469	0	420	0	0	692	0	416	492	0	287	0	0	263	0	310	0	310	0	263	0	0	0	304	0	207	442	287	304	0	492	304	0	287	469	0	0	442	442	0	0	0	0	0	446	0	0	0	469	0	416	692	416	0	446	0	0	416	442	0	0	0	0	0	446
0	0	469	0	0	0	0	0	0	0	896	0	0	310	263	469	692	420	896	469	0	420	0	0	692	0	416	492	0	287	0	0	263	0	310	0	310	0	263	0	0	0	304	0	207	442	287	304	0	492	304	0	287	469	0	0	442	442	0	0	0	0	0	446	0	0	0	469	0	416	692	416	0	446	0	0	416	442	0	0	0	0	0	446
0	0	0	0	0	0	0	0	0	0	0	0	0	310	263	0	0	420	0	0	0	420	0	0	0	0	416	492	0	287	0	0	263	0	310	0	310	0	263	0	443	0	0	0	221	443	287	0	0	492	0	0	287	0	0	0	443	0	0	0	0	0	0	446	0	0	0	0	0	416	0	416	0	446	0	0	416	0	0	0	0	0	0	446
0	0	0	0	0	0	0	0	0	0	0	0	0	310	263	0	0	420	0	0	0	420	0	0	0	0	416	492	0	287	0	0	263	0	310	0	310	0	263	0	443	0	0	0	221	443	287	0	0	492	0	0	287	0	0	0	443	0	0	0	0	0	0	446	0	0	0	0	0	416	0	416	0	446	0	0	416	0	0	0	0	0	0	446
0	0	0	0	0	0	0	0	0	0	0	0	0	310	263	0	0	420	0	0	0	420	0	0	0	0	416	492	0	287	0	0	263	0	310	0	310	0	263	0	443	0	0	0	221	443	287	0	0	492	0	0	287	0	0	0	443	0	0	0	0	0	0	446	0	0	0	0	0	416	0	416	0	446	0	0	416	0	0	0	0	0	0	446
0	0	475	0	0	0	0	0	0	0	0	382	0	0	263	475	0	491	0	475	0	0	382	0	0	382	0	0	0	381	0	0	263	0	332	0	382	0	263	0	443	381	332	0	221	443	311	332	381	0	332	381	0	475	311	0	443	0	311	0	381	417	0	475	0	0	0	475	0	417	382	0	0	475	0	0	417	0	0	0	417	0	417	475
0	0	475	0	0	0	0	0	0	0	0	382	0	0	263	475	0	491	0	475	0	0	382	0	0	382	0	0	0	381	0	0	263	0	332	0	382	0	263	0	443	381	332	0	221	443	311	332	381	0	332	381	0	475	311	0	443	0	311	0	381	417	0	475	0	0	0	475	0	417	382	0	0	475	0	0	417	0	0	0	417	0	417	475
0	0	475	0	0	0	0	0	0	0	0	382	0	0	263	475	0	491	0	475	0	0	382	0	0	382	0	0	0	381	0	0	263	0	332	0	382	0	263	0	443	381	332	0	221	443	311	332	381	0	332	381	0	475	311	0	443	0	311	0	381	417	0	475	0	0	0	475	0	417	382	0	0	475	0	0	417	0	0	0	417	0	417	475
0	0	475	269	0	0	0	0	0	269	0	382	0	0	269	475	0	491	0	475	453	0	382	825	0	382	453	453	0	381	0	0	453	0	332	269	382	825	269	0	451	381	332	0	223	451	311	332	381	0	332	381	269	475	311	0	825	223	311	0	381	417	0	475	223	0	0	475	0	417	382	0	453	475	223	0	417	0	825	0	417	0	417	475
0	0	475	269	0	0	0	0	0	269	0	382	0	0	269	475	0	491	0	475	453	0	382	825	0	382	453	453	0	381	0	0	453	0	332	269	382	825	269	0	451	381	332	0	223	451	311	332	381	0	332	381	269	475	311	0	825	223	311	0	381	417	0	475	223	0	0	475	0	417	382	0	453	475	223	0	417	0	825	0	417	0	417	475
0	0	475	269	0	0	0	0	0	269	0	382	0	0	269	475	0	491	0	475	453	0	382	825	0	382	453	453	0	381	0	0	453	0	332	269	382	825	269	0	451	381	332	0	223	451	311	332	381	0	332	381	269	475	311	0	825	223	311	0	381	417	0	475	223	0	0	475	0	417	382	0	453	475	223	0	417	0	825	0	417	0	417	475
0	0	991	269	542	0	0	0	0	269	0	0	0	412	269	991	0	0	542	0	453	542	0	825	991	542	453	453	542	0	0	465	453	0	0	269	412	825	269	0	451	465	0	470	223	451	0	0	465	0	0	0	269	719	470	0	825	223	0	0	465	0	419	0	223	0	0	531	670	419	670	419	453	0	223	719	419	670	825	0	0	0	419	531
0	0	991	269	542	0	0	0	0	269	0	0	0	412	269	991	0	0	542	0	453	542	0	825	991	542	453	453	542	0	0	465	453	0	0	269	412	825	269	0	451	465	0	470	223	451	0	0	465	0	0	0	269	719	470	0	825	223	0	0	465	0	419	0	223	0	0	531	670	419	670	419	453	0	223	719	419	670	825	0	0	0	419	531
0	0	991	269	542	0	0	0	0	269	0	0	0	412	269	991	0	0	542	0	453	542	0	825	991	542	453	453	542	0	0	465	453	0	0	269	412	825	269	0	451	465	0	470	223	451	0	0	465	0	0	0	269	719	470	0	825	223	0	0	465	0	419	0	223	0	0	531	670	419	670	419	453	0	223	719	419	670	825	0	0	0	419	531
0	0	991	269	542	0	0	0	0	269	0	0	0	412	269	991	481	0	542	481	0	542	0	0	991	542	0	481	542	0	0	465	481	0	0	269	412	0	269	0	451	465	0	470	223	451	0	0	465	0	0	0	269	719	470	0	0	223	0	0	465	0	419	0	223	0	0	531	670	419	670	419	0	0	223	719	419	670	0	0	0	0	419	531
0	0	991	269	542	0	0	0	0	269	0	0	0	412	269	991	481	0	542	481	0	542	0	0	991	542	0	481	542	0	0	465	481	0	0	269	412	0	269	0	451	465	0	470	223	451	0	0	465	0	0	0	269	719	470	0	0	223	0	0	465	0	419	0	223	0	0	531	670	419	670	419	0	0	223	719	419	670	0	0	0	0	419	531
0	0	991	269	542	0	0	0	0	269	0	0	0	412	269	991	481	0	542	481	0	542	0	0	991	542	0	481	542	0	0	465	481	0	0	269	412	0	269	0	451	465	0	470	223	451	0	0	465	0	0	0	269	719	470	0	0	223	0	0	465	0	419	0	223	0	0	531	670	419	670	419	0	0	223	719	419	670	0	0	0	0	419	531
0	283	0	0	0	0	0	0	0	0	423	0	0	423	283	0	481	423	0	481	283	0	413	423	0	0	283	481	609	0	0	465	481	0	226	285	413	283	285	0	0	465	609	470	226	0	285	609	465	609	226	0	285	0	470	0	423	226	609	285	465	0	419	226	609	0	0	0	0	419	0	419	0	0	609	0	419	0	0	0	0	226	419	0
0	283	0	0	0	0	0	0	0	0	423	0	0	423	283	0	481	423	0	481	283	0	413	423	0	0	283	481	609	0	0	465	481	0	226	285	413	283	285	0	0	465	609	470	226	0	285	609	465	609	226	0	285	0	470	0	423	226	609	285	465	0	419	226	609	0	0	0	0	419	0	419	0	0	609	0	419	0	0	0	0	226	419	0
0	283	0	0	0	0	0	0	0	0	423	0	0	423	283	0	481	423	0	481	283	0	413	423	0	0	283	481	609	0	0	465	481	0	226	285	413	283	285	0	0	465	609	470	226	0	285	609	465	609	226	0	285	0	470	0	423	226	609	285	465	0	419	226	609	0	0	0	0	419	0	419	0	0	609	0	419	0	0	0	0	226	419	0
0	283	0	0	0	0	0	0	0	0	423	0	0	423	283	495	0	423	0	495	283	0	413	423	673	0	283	541	609	0	541	0	541	0	226	285	413	283	285	0	0	0	609	0	226	0	285	609	0	609	226	0	285	495	0	0	423	226	609	285	673	0	0	226	609	0	0	0	673	0	673	0	0	0	609	0	0	673	0	0	0	226	0	673
0	283	0	0	0	0	0	0	0	0	423	0	0	423	283	495	0	423	0	495	283	0	413	423	673	0	283	541	609	0	541	0	541	0	226	285	413	283	285	0	0	0	609	0	226	0	285	609	0	609	226	0	285	495	0	0	423	226	609	285	673	0	0	226	609	0	0	0	673	0	673	0	0	0	609	0	0	673	0	0	0	226	0	673
0	283	0	0	0	0	0	0	0	0	423	0	0	423	283	495	0	423	0	495	283	0	413	423	673	0	283	541	609	0	541	0	541	0	226	285	413	283	285	0	0	0	609	0	226	0	285	609	0	609	226	0	285	495	0	0	423	226	609	285	673	0	0	226	609	0	0	0	673	0	673	0	0	0	609	0	0	673	0	0	0	226	0	673
0	289	0	0	0	0	0	0	0	0	438	421	0	438	289	495	0	458	438	495	0	458	0	880	673	880	438	541	0	458	541	0	541	0	226	289	421	0	289	0	0	458	0	0	226	289	0	0	458	0	226	458	289	495	0	289	0	226	0	458	673	0	0	226	0	0	0	0	673	0	673	0	438	0	0	0	0	673	0	0	0	226	0	673
0	289	0	0	0	0	0	0	0	0	438	421	0	438	289	495	0	458	438	495	0	458	0	880	673	880	438	541	0	458	541	0	541	0	226	289	421	0	289	0	0	458	0	0	226	289	0	0	458	0	226	458	289	495	0	289	0	226	0	458	673	0	0	226	0	0	0	0	673	0	673	0	438	0	0	0	0	673	0	0	0	226	0	673
0	289	0	0	0	0	0	0	0	0	438	421	0	438	289	495	0	458	438	495	0	458	0	880	673	880	438	541	0	458	541	0	541	0	226	289	421	0	289	0	0	458	0	0	226	289	0	0	458	0	226	458	289	495	0	289	0	226	0	458	673	0	0	226	0	0	0	0	673	0	673	0	438	0	0	0	0	673	0	0	0	226	0	673
0	289	0	0	0	0	0	0	678	0	438	421	0	438	289	495	678	458	438	495	0	458	0	880	678	880	438	0	0	458	0	0	0	0	227	289	421	0	289	0	0	458	0	0	227	289	0	0	458	0	227	458	289	495	227	289	0	0	0	458	0	0	0	0	0	0	0	0	0	418	678	0	438	0	0	0	0	678	0	0	0	418	0	0
0	289	0	0	0	0	0	0	678	0	438	421	0	438	289	495	678	458	438	495	0	458	0	880	678	880	438	0	0	458	0	0	0	0	227	289	421	0	289	0	0	458	0	0	227	289	0	0	458	0	227	458	289	495	227	289	0	0	0	458	0	0	0	0	0	0	0	0	0	418	678	0	438	0	0	0	0	678	0	0	0	418	0	0
0	289	0	0	0	0	0	0	678	0	438	421	0	438	289	495	678	458	438	495	0	458	0	880	678	880	438	0	0	458	0	0	0	0	227	289	421	0	289	0	0	458	0	0	227	289	0	0	458	0	227	458	289	495	227	289	0	0	0	458	0	0	0	0	0	0	0	0	0	418	678	0	438	0	0	0	0	678	0	0	0	418	0	0
0	291	0	0	464	0	464	0	678	0	438	0	0	438	291	499	678	464	438	499	0	464	533	880	678	880	438	499	0	464	0	452	0	0	227	291	0	0	291	0	452	533	499	0	227	452	291	499	533	499	227	0	291	533	227	0	452	0	0	0	533	0	0	0	0	0	0	533	0	418	678	0	438	0	0	0	0	678	0	0	0	418	0	533
0	291	0	0	464	0	464	0	678	0	438	0	0	438	291	499	678	464	438	499	0	464	533	880	678	880	438	499	0	464	0	452	0	0	227	291	0	0	291	0	452	533	499	0	227	452	291	499	533	499	227	0	291	533	227	0	452	0	0	0	533	0	0	0	0	0	0	533	0	418	678	0	438	0	0	0	0	678	0	0	0	418	0	533
0	291	0	0	464	0	464	0	678	0	438	0	0	438	291	499	678	464	438	499	0	464	533	880	678	880	438	499	0	464	0	452	0	0	227	291	0	0	291	0	452	533	499	0	227	452	291	499	533	499	227	0	291	533	227	0	452	0	0	0	533	0	0	0	0	0	0	533	0	418	678	0	438	0	0	0	0	678	0	0	0	418	0	533
0	291	0	0	464	0	464	0	678	0	0	337	0	0	291	499	678	464	0	499	545	464	533	0	678	0	545	499	0	464	337	452	0	0	337	291	337	545	291	0	452	533	499	0	228	452	291	499	533	499	228	0	291	533	430	0	452	228	0	0	533	0	0	0	0	0	0	533	0	418	678	430	545	0	0	430	0	678	0	0	0	418	0	533
0	291	0	0	464	0	464	0	678	0	0	337	0	0	291	499	678	464	0	499	545	464	533	0	678	0	545	499	0	464	337	452	0	0	337	291	337	545	291	0	452	533	499	0	228	452	291	499	533	499	228	0	291	533	430	0	452	228	0	0	533	0	0	0	0	0	0	533	0	418	678	430	545	0	0	430	0	678	0	0	0	418	0	533
0	291	0	0	464	0	464	0	678	0	0	337	0	0	291	499	678	464	0	499	545	464	533	0	678	0	545	499	0	464	337	452	0	0	337	291	337	545	291	0	452	533	499	0	228	452	291	499	533	499	228	0	291	533	430	0	452	228	0	0	533	0	0	0	0	0	0	533	0	418	678	430	545	0	0	430	0	678	0	0	0	418	0	533
0	0	0	0	530	0	530	0	0	0	0	337	0	0	296	499	0	0	530	499	545	0	533	530	0	530	545	499	0	0	337	485	0	0	337	296	337	545	296	0	485	533	499	0	228	485	0	499	533	499	228	296	0	533	430	485	0	228	0	0	533	0	0	0	0	0	0	533	0	0	0	430	545	0	0	430	0	0	0	0	0	0	0	533
0	0	0	0	530	0	530	0	0	0	0	337	0	0	296	499	0	0	530	499	545	0	533	530	0	530	545	499	0	0	337	485	0	0	337	296	337	545	296	0	485	533	499	0	228	485	0	499	533	499	228	296	0	533	430	485	0	228	0	0	533	0	0	0	0	0	0	533	0	0	0	430	545	0	0	430	0	0	0	0	0	0	0	533
0	0	0	0	530	0	530	0	0	0	0	337	0	0	296	499	0	0	530	499	545	0	533	530	0	530	545	499	0	0	337	485	0	0	337	296	337	545	296	0	485	533	499	0	228	485	0	499	533	499	228	296	0	533	430	485	0	228	0	0	533	0	0	0	0	0	0	533	0	0	0	430	545	0	0	430	0	0	0	0	0	0	0	533
0	0	550	0	530	0	530	0	0	0	0	337	0	0	296	550	0	0	530	0	632	0	0	530	550	530	632	0	0	0	337	485	0	0	337	296	337	632	296	0	485	0	0	0	228	485	0	0	554	0	228	296	0	0	0	485	0	228	0	554	0	0	0	0	0	0	0	0	550	434	550	434	632	0	0	0	434	550	0	0	0	0	434	550
0	0	550	0	530	0	530	0	0	0	0	337	0	0	296	550	0	0	530	0	632	0	0	530	550	530	632	0	0	0	337	485	0	0	337	296	337	632	296	0	485	0	0	0	228	485	0	0	554	0	228	296	0	0	0	485	0	228	0	554	0	0	0	0	0	0	0	0	550	434	550	434	632	0	0	0	434	550	0	0	0	0	434	550
0	0	550	0	530	0	530	0	0	0	0	337	0	0	296	550	0	0	530	0	632	0	0	530	550	530	632	0	0	0	337	485	0	0	337	296	337	632	296	0	485	0	0	0	228	485	0	0	554	0	228	296	0	0	0	485	0	228	0	554	0	0	0	0	0	0	0	0	550	434	550	434	632	0	0	0	434	550	0	0	0	0	434	550
0	0	550	0	537	0	0	0	0	0	447	0	0	361	0	550	0	447	537	232	632	447	537	0	550	537	632	232	0	447	0	0	0	0	361	303	361	632	0	0	504	0	361	361	232	504	303	504	554	232	361	447	303	0	0	0	504	232	0	554	0	0	0	0	232	0	0	0	550	434	550	434	632	0	232	0	434	550	504	0	0	0	434	550
0	0	550	0	537	0	0	0	0	0	447	0	0	361	0	550	0	447	537	232	632	447	537	0	550	537	632	232	0	447	0	0	0	0	361	303	361	632	0	0	504	0	361	361	232	504	303	504	554	232	361	447	303	0	0	0	504	232	0	554	0	0	0	0	232	0	0	0	550	434	550	434	632	0	232	0	434	550	504	0	0	0	434	550
0	0	550	0	537	0	0	0	0	0	447	0	0	361	0	550	0	447	537	232	632	447	537	0	550	537	632	232	0	447	0	0	0	0	361	303	361	632	0	0	504	0	361	361	232	504	303	504	554	232	361	447	303	0	0	0	504	232	0	554	0	0	0	0	232	0	0	0	550	434	550	434	632	0	232	0	434	550	504	0	0	0	434	550
0	0	784	0	537	0	0	0	0	0	447	0	0	361	0	784	0	447	537	232	0	447	537	0	784	537	0	232	0	447	0	0	0	0	361	303	361	0	0	0	504	0	361	361	232	504	303	504	0	232	361	447	303	0	0	0	504	232	0	0	0	0	0	0	232	0	0	0	0	434	729	434	0	0	232	0	434	729	504	0	0	0	434	0
0	0	784	0	537	0	0	0	0	0	447	0	0	361	0	784	0	447	537	232	0	447	537	0	784	537	0	232	0	447	0	0	0	0	361	303	361	0	0	0	504	0	361	361	232	504	303	504	0	232	361	447	303	0	0	0	504	232	0	0	0	0	0	0	232	0	0	0	0	434	729	434	0	0	232	0	434	729	504	0	0	0	434	0
0	0	784	0	537	0	0	0	0	0	447	0	0	361	0	784	0	447	537	232	0	447	537	0	784	537	0	232	0	447	0	0	0	0	361	303	361	0	0	0	504	0	361	361	232	504	303	504	0	232	361	447	303	0	0	0	504	232	0	0	0	0	0	0	232	0	0	0	0	434	729	434	0	0	232	0	434	729	504	0	0	0	434	0
0	0	784	0	0	0	0	0	0	0	0	0	0	361	312	784	0	448	0	232	0	635	0	448	784	0	0	232	0	635	0	0	0	0	361	312	361	0	312	0	0	635	361	361	232	0	523	0	0	232	361	635	312	635	0	448	935	232	0	0	523	0	0	0	232	0	0	0	0	448	729	0	0	0	232	0	0	729	0	0	0	0	0	523
0	0	784	0	0	0	0	0	0	0	0	0	0	361	312	784	0	448	0	232	0	635	0	448	784	0	0	232	0	635	0	0	0	0	361	312	361	0	312	0	0	635	361	361	232	0	523	0	0	232	361	635	312	635	0	448	935	232	0	0	523	0	0	0	232	0	0	0	0	448	729	0	0	0	232	0	0	729	0	0	0	0	0	523
0	0	784	0	0	0	0	0	0	0	0	0	0	361	312	784	0	448	0	232	0	635	0	448	784	0	0	232	0	635	0	0	0	0	361	312	361	0	312	0	0	635	361	361	232	0	523	0	0	232	361	635	312	635	0	448	935	232	0	0	523	0	0	0	232	0	0	0	0	448	729	0	0	0	232	0	0	729	0	0	0	0	0	523
0	0	784	0	0	0	0	0	0	490	610	490	373	610	312	784	490	448	610	490	0	635	0	448	784	0	610	0	0	635	0	0	0	0	373	312	373	490	312	0	0	635	373	0	233	477	523	373	477	0	373	635	312	635	233	448	935	477	0	0	523	0	0	0	0	0	0	0	0	448	0	0	610	0	0	233	0	0	0	0	0	0	0	523
0	0	784	0	0	0	0	0	0	490	610	490	373	610	312	784	490	448	610	490	0	635	0	448	784	0	610	0	0	635	0	0	0	0	373	312	373	490	312	0	0	635	373	0	233	477	523	373	477	0	373	635	312	635	233	448	935	477	0	0	523	0	0	0	0	0	0	0	0	448	0	0	610	0	0	233	0	0	0	0	0	0	0	523
0	0	784	0	0	0	0	0	0	490	610	490	373	610	312	784	490	448	610	490	0	635	0	448	784	0	610	0	0	635	0	0	0	0	373	312	373	490	312	0	0	635	373	0	233	477	523	373	477	0	373	635	312	635	233	448	935	477	0	0	523	0	0	0	0	0	0	0	0	448	0	0	610	0	0	233	0	0	0	0	0	0	0	523
0	0	0	0	466	0	0	0	0	490	610	490	373	610	312	0	490	466	610	490	0	875	466	0	0	0	610	0	0	875	0	0	0	0	373	312	373	490	312	0	0	0	373	0	233	477	0	373	477	0	373	0	312	875	233	0	0	477	0	0	0	0	0	592	0	0	0	0	592	462	592	462	610	592	0	233	462	592	0	0	0	0	462	592
0	0	0	0	466	0	0	0	0	490	610	490	373	610	312	0	490	466	610	490	0	875	466	0	0	0	610	0	0	875	0	0	0	0	373	312	373	490	312	0	0	0	373	0	233	477	0	373	477	0	373	0	312	875	233	0	0	477	0	0	0	0	0	592	0	0	0	0	592	462	592	462	610	592	0	233	462	592	0	0	0	0	462	592
0	0	0	0	466	0	0	0	0	490	610	490	373	610	312	0	490	466	610	490	0	875	466	0	0	0	610	0	0	875	0	0	0	0	373	312	373	490	312	0	0	0	373	0	233	477	0	373	477	0	373	0	312	875	233	0	0	477	0	0	0	0	0	592	0	0	0	0	592	462	592	462	610	592	0	233	462	592	0	0	0	0	462	592
0	995	0	0	466	0	0	315	0	0	995	0	0	995	315	507	0	466	680	507	0	875	466	680	0	680	0	507	380	875	0	0	0	0	380	0	380	0	315	0	0	0	375	0	240	477	313	375	477	0	375	0	313	875	240	0	680	477	375	0	313	0	0	592	0	0	0	0	592	462	592	462	0	592	0	240	462	592	0	0	240	375	462	592
0	995	0	0	466	0	0	315	0	0	995	0	0	995	315	507	0	466	680	507	0	875	466	680	0	680	0	507	380	875	0	0	0	0	380	0	380	0	315	0	0	0	375	0	240	477	313	375	477	0	375	0	313	875	240	0	680	477	375	0	313	0	0	592	0	0	0	0	592	462	592	462	0	592	0	240	462	592	0	0	240	375	462	592
0	995	0	0	466	0	0	315	0	0	995	0	0	995	315	507	0	466	680	507	0	875	466	680	0	680	0	507	380	875	0	0	0	0	380	0	380	0	315	0	0	0	375	0	240	477	313	375	477	0	375	0	313	875	240	0	680	477	375	0	313	0	0	592	0	0	0	0	592	462	592	462	0	592	0	240	462	592	0	0	240	375	462	592
0	995	0	0	466	0	0	315	0	0	995	0	0	995	315	507	0	466	680	507	0	0	466	680	0	680	535	507	380	0	0	0	0	0	380	0	380	0	315	0	0	0	375	0	240	0	313	375	738	0	375	0	313	0	240	0	680	0	375	738	313	0	0	0	0	0	0	0	735	0	0	535	0	0	0	240	0	735	0	0	240	375	0	735
0	995	0	0	466	0	0	315	0	0	995	0	0	995	315	507	0	466	680	507	0	0	466	680	0	680	535	507	380	0	0	0	0	0	380	0	380	0	315	0	0	0	375	0	240	0	313	375	738	0	375	0	313	0	240	0	680	0	375	738	313	0	0	0	0	0	0	0	735	0	0	535	0	0	0	240	0	735	0	0	240	375	0	735
0	995	0	0	466	0	0	315	0	0	995	0	0	995	315	507	0	466	680	507	0	0	466	680	0	680	535	507	380	0	0	0	0	0	380	0	380	0	315	0	0	0	375	0	240	0	313	375	738	0	375	0	313	0	240	0	680	0	375	738	313	0	0	0	0	0	0	0	735	0	0	535	0	0	0	240	0	735	0	0	240	375	0	735
0	995	0	0	474	0	0	315	0	0	995	384	0	995	315	0	508	474	0	508	0	474	562	862	0	862	535	508	0	474	0	0	0	0	384	316	384	0	315	0	0	474	508	0	240	316	0	508	738	508	0	474	316	562	240	316	862	445	508	738	0	0	0	445	0	0	0	562	735	0	0	535	0	0	0	240	0	735	862	862	240	445	0	735
0	995	0	0	474	0	0	315	0	0	995	384	0	995	315	0	508	474	0	508	0	474	562	862	0	862	535	508	0	474	0	0	0	0	384	316	384	0	315	0	0	474	508	0	240	316	0	508	738	508	0	474	316	562	240	316	862	445	508	738	0	0	0	445	0	0	0	562	735	0	0	535	0	0	0	240	0	735	862	862	240	445	0	735
0	995	0	0	474	0	0	315	0	0	995	384	0	995	315	0	508	474	0	508	0	474	562	862	0	862	535	508	0	474	0	0	0	0	384	316	384	0	315	0	0	474	508	0	240	316	0	508	738	508	0	474	316	562	240	316	862	445	508	738	0	0	0	445	0	0	0	562	735	0	0	535	0	0	0	240	0	735	862	862	240	445	0	735
0	0	0	0	474	0	0	0	0	0	0	384	0	0	0	0	508	474	0	508	0	474	562	862	0	862	0	508	0	474	0	0	0	0	384	316	384	0	0	0	0	474	508	0	277	316	0	508	0	508	277	474	316	562	0	316	862	445	508	0	0	0	0	445	0	0	0	562	0	461	0	0	0	0	0	0	461	0	862	862	461	445	461	0
0	0	0	0	474	0	0	0	0	0	0	384	0	0	0	0	508	474	0	508	0	474	562	862	0	862	0	508	0	474	0	0	0	0	384	316	384	0	0	0	0	474	508	0	277	316	0	508	0	508	277	474	316	562	0	316	862	445	508	0	0	0	0	445	0	0	0	562	0	461	0	0	0	0	0	0	461	0	862	862	461	445	461	0
0	0	0	0	474	0	0	0	0	0	0	384	0	0	0	0	508	474	0	508	0	474	562	862	0	862	0	508	0	474	0	0	0	0	384	316	384	0	0	0	0	474	508	0	277	316	0	508	0	508	277	474	316	562	0	316	862	445	508	0	0	0	0	445	0	0	0	562	0	461	0	0	0	0	0	0	461	0	862	862	461	445	461	0
0	0	509	317	544	0	0	0	0	317	0	384	0	0	317	509	0	0	544	509	0	0	562	862	0	862	544	509	0	0	509	604	509	0	384	317	384	0	317	853	505	559	604	559	277	505	317	853	559	0	277	0	317	562	559	0	862	0	853	317	559	0	0	536	0	0	0	562	536	461	0	0	544	0	0	0	461	0	862	862	461	853	461	536
0	0	509	317	544	0	0	0	0	317	0	384	0	0	317	509	0	0	544	509	0	0	562	862	0	862	544	509	0	0	509	604	509	0	384	317	384	0	317	853	505	559	604	559	277	505	317	853	559	0	277	0	317	562	559	0	862	0	853	317	559	0	0	536	0	0	0	562	536	461	0	0	544	0	0	0	461	0	862	862	461	853	461	536
0	0	509	317	544	0	0	0	0	317	0	384	0	0	317	509	0	0	544	509	0	0	562	862	0	862	544	509	0	0	509	604	509	0	384	317	384	0	317	853	505	559	604	559	277	505	317	853	559	0	277	0	317	562	559	0	862	0	853	317	559	0	0	536	0	0	0	562	536	461	0	0	544	0	0	0	461	0	862	862	461	853	461	536
0	0	509	317	544	0	0	0	0	317	0	0	0	0	317	509	0	0	544	509	0	0	727	0	0	0	544	509	0	0	509	604	509	0	0	317	0	0	317	853	505	559	604	559	279	505	317	853	559	0	0	0	317	727	559	0	0	279	853	317	559	483	0	536	279	0	0	727	536	483	0	483	544	0	279	0	483	0	0	0	0	853	483	536
0	0	509	317	544	0	0	0	0	317	0	0	0	0	317	509	0	0	544	509	0	0	727	0	0	0	544	509	0	0	509	604	509	0	0	317	0	0	317	853	505	559	604	559	279	505	317	853	559	0	0	0	317	727	559	0	0	279	853	317	559	483	0	536	279	0	0	727	536	483	0	483	544	0	279	0	483	0	0	0	0	853	483	536
0	0	509	317	544	0	0	0	0	317	0	0	0	0	317	509	0	0	544	509	0	0	727	0	0	0	544	509	0	0	509	604	509	0	0	317	0	0	317	853	505	559	604	559	279	505	317	853	559	0	0	0	317	727	559	0	0	279	853	317	559	483	0	536	279	0	0	727	536	483	0	483	544	0	279	0	483	0	0	0	0	853	483	536
0	0	0	322	596	0	596	0	0	322	0	0	0	0	322	0	515	321	596	515	706	321	727	596	0	596	706	515	0	321	0	604	515	0	0	0	0	0	322	0	505	0	604	569	279	505	321	0	0	0	0	0	321	727	569	0	0	279	0	321	0	483	0	536	279	0	321	727	536	483	0	483	706	0	279	0	483	0	0	0	0	0	483	536
0	0	0	322	596	0	596	0	0	322	0	0	0	0	322	0	515	321	596	515	706	321	727	596	0	596	706	515	0	321	0	604	515	0	0	0	0	0	322	0	505	0	604	569	279	505	321	0	0	0	0	0	321	727	569	0	0	279	0	321	0	483	0	536	279	0	321	727	536	483	0	483	706	0	279	0	483	0	0	0	0	0	483	536
0	0	0	322	596	0	596	0	0	322	0	0	0	0	322	0	515	321	596	515	706	321	727	596	0	596	706	515	0	321	0	604	515	0	0	0	0	0	322	0	505	0	604	569	279	505	321	0	0	0	0	0	321	727	569	0	0	279	0	321	0	483	0	536	279	0	321	727	536	483	0	483	706	0	279	0	483	0	0	0	0	0	483	536
0	0	0	322	596	0	596	0	284	322	0	0	0	284	322	0	515	321	596	515	706	321	0	596	0	596	706	515	0	321	0	0	515	0	284	0	284	0	322	0	510	539	0	569	284	510	321	510	539	0	284	539	321	0	569	0	0	0	0	321	539	483	0	0	0	0	321	0	0	483	0	483	706	0	0	0	483	0	0	0	0	0	483	539
0	0	0	322	596	0	596	0	284	322	0	0	0	284	322	0	515	321	596	515	706	321	0	596	0	596	706	515	0	321	0	0	515	0	284	0	284	0	322	0	510	539	0	569	284	510	321	510	539	0	284	539	321	0	569	0	0	0	0	321	539	483	0	0	0	0	321	0	0	483	0	483	706	0	0	0	483	0	0	0	0	0	483	539
0	0	0	322	596	0	596	0	284	322	0	0	0	284	322	0	515	321	596	515	706	321	0	596	0	596	706	515	0	321	0	0	515	0	284	0	284	0	322	0	510	539	0	569	284	510	321	510	539	0	284	539	321	0	569	0	0	0	0	321	539	483	0	0	0	0	321	0	0	483	0	483	706	0	0	0	483	0	0	0	0	0	483	539
0	0	0	0	0	0	0	0	284	636	0	0	0	284	0	0	636	478	0	0	706	659	478	0	636	0	706	0	659	0	0	0	0	659	284	323	284	0	323	595	510	539	0	595	284	510	0	510	539	0	284	539	323	659	595	0	636	0	0	0	539	0	488	0	0	0	0	595	0	488	636	488	706	0	0	659	488	636	0	0	659	0	488	539
0	0	0	0	0	0	0	0	284	636	0	0	0	284	0	0	636	478	0	0	706	659	478	0	636	0	706	0	659	0	0	0	0	659	284	323	284	0	323	595	510	539	0	595	284	510	0	510	539	0	284	539	323	659	595	0	636	0	0	0	539	0	488	0	0	0	0	595	0	488	636	488	706	0	0	659	488	636	0	0	659	0	488	539
0	0	0	0	0	0	0	0	284	636	0	0	0	284	0	0	636	478	0	0	706	659	478	0	636	0	706	0	659	0	0	0	0	659	284	323	284	0	323	595	510	539	0	595	284	510	0	510	539	0	284	539	323	659	595	0	636	0	0	0	539	0	488	0	0	0	0	595	0	488	636	488	706	0	0	659	488	636	0	0	659	0	488	539
0	0	0	0	0	0	0	0	0	636	0	0	0	0	0	0	636	478	0	290	0	659	478	0	636	0	0	290	659	0	0	0	0	659	0	323	0	0	323	595	0	539	0	595	290	0	0	0	539	290	0	539	323	659	595	0	636	290	0	0	539	0	488	0	290	0	0	595	0	488	636	488	0	0	290	659	488	636	0	0	659	0	488	539
0	0	0	0	0	0	0	0	0	636	0	0	0	0	0	0	636	478	0	290	0	659	478	0	636	0	0	290	659	0	0	0	0	659	0	323	0	0	323	595	0	539	0	595	290	0	0	0	539	290	0	539	323	659	595	0	636	290	0	0	539	0	488	0	290	0	0	595	0	488	636	488	0	0	290	659	488	636	0	0	659	0	488	539
0	0	0	0	0	0	0	0	0	636	0	0	0	0	0	0	636	478	0	290	0	659	478	0	636	0	0	290	659	0	0	0	0	659	0	323	0	0	323	595	0	539	0	595	290	0	0	0	539	290	0	539	323	659	595	0	636	290	0	0	539	0	488	0	290	0	0	595	0	488	636	488	0	0	290	659	488	636	0	0	659	0	488	539
0	0	0	556	0	0	0	326	0	636	556	0	0	0	326	0	636	478	556	290	0	0	478	0	636	0	556	290	0	0	629	0	629	0	0	326	0	0	326	629	0	0	0	0	290	0	326	629	0	290	0	0	326	0	0	0	636	290	629	326	588	0	0	0	290	0	0	0	0	0	636	556	0	0	290	0	0	636	0	0	0	0	0	588
0	0	0	556	0	0	0	326	0	636	556	0	0	0	326	0	636	478	556	290	0	0	478	0	636	0	556	290	0	0	629	0	629	0	0	326	0	0	326	629	0	0	0	0	290	0	326	629	0	290	0	0	326	0	0	0	636	290	629	326	588	0	0	0	290	0	0	0	0	0	636	556	0	0	290	0	0	636	0	0	0	0	0	588
0	0	0	556	0	0	0	326	0	636	556	0	0	0	326	0	636	478	556	290	0	0	478	0	636	0	556	290	0	0	629	0	629	0	0	326	0	0	326	629	0	0	0	0	290	0	326	629	0	290	0	0	326	0	0	0	636	290	629	326	588	0	0	0	290	0	0	0	0	0	636	556	0	0	290	0	0	636	0	0	0	0	0	588
0	0	0	556	484	0	484	326	739	0	556	0	0	0	326	480	739	484	556	480	0	0	0	484	739	0	556	761	0	0	629	0	629	0	293	326	293	0	326	629	0	0	0	0	293	480	326	629	0	761	293	0	326	480	293	484	0	480	629	326	588	0	0	0	480	0	0	293	0	484	739	556	0	0	0	0	0	739	0	0	0	0	484	588
0	0	0	556	484	0	484	326	739	0	556	0	0	0	326	480	739	484	556	480	0	0	0	484	739	0	556	761	0	0	629	0	629	0	293	326	293	0	326	629	0	0	0	0	293	480	326	629	0	761	293	0	326	480	293	484	0	480	629	326	588	0	0	0	480	0	0	293	0	484	739	556	0	0	0	0	0	739	0	0	0	0	484	588
0	0	0	556	484	0	484	326	739	0	556	0	0	0	326	480	739	484	556	480	0	0	0	484	739	0	556	761	0	0	629	0	629	0	293	326	293	0	326	629	0	0	0	0	293	480	326	629	0	761	293	0	326	480	293	484	0	480	629	326	588	0	0	0	480	0	0	293	0	484	739	556	0	0	0	0	0	739	0	0	0	0	484	588
0	0	0	0	484	0	484	0	739	0	0	0	0	0	328	480	739	484	0	480	328	526	0	484	739	526	644	761	0	526	629	0	629	0	293	0	293	328	0	629	0	526	0	0	293	480	0	629	526	761	293	526	0	480	293	484	0	480	629	526	588	0	0	0	480	0	526	293	0	484	739	644	0	0	0	0	0	739	0	0	0	0	484	588
0	0	0	0	484	0	484	0	739	0	0	0	0	0	328	480	739	484	0	480	328	526	0	484	739	526	644	761	0	526	629	0	629	0	293	0	293	328	0	629	0	526	0	0	293	480	0	629	526	761	293	526	0	480	293	484	0	480	629	526	588	0	0	0	480	0	526	293	0	484	739	644	0	0	0	0	0	739	0	0	0	0	484	588
0	0	0	0	484	0	484	0	739	0	0	0	0	0	328	480	739	484	0	480	328	526	0	484	739	526	644	761	0	526	629	0	629	0	293	0	293	328	0	629	0	526	0	0	293	480	0	629	526	761	293	526	0	480	293	484	0	480	629	526	588	0	0	0	480	0	526	293	0	484	739	644	0	0	0	0	0	739	0	0	0	0	484	588
0	0	0	0	0	0	0	0	0	0	0	0	0	399	328	480	0	506	0	480	328	526	0	964	0	526	644	0	0	526	0	0	0	0	399	0	399	328	0	0	0	526	399	399	307	480	0	0	526	0	399	526	0	480	307	964	0	480	0	526	0	498	0	0	480	0	526	0	0	498	0	644	0	0	0	307	498	0	0	0	498	0	498	0
0	0	0	0	0	0	0	0	0	0	0	0	0	399	328	480	0	506	0	480	328	526	0	964	0	526	644	0	0	526	0	0	0	0	399	0	399	328	0	0	0	526	399	399	307	480	0	0	526	0	399	526	0	480	307	964	0	480	0	526	0	498	0	0	480	0	526	0	0	498	0	644	0	0	0	307	498	0	0	0	498	0	498	0
0	0	0	0	0	0	0	0	0	0	0	0	0	399	328	480	0	506	0	480	328	526	0	964	0	526	644	0	0	526	0	0	0	0	399	0	399	328	0	0	0	526	399	399	307	480	0	0	526	0	399	526	0	480	307	964	0	480	0	526	0	498	0	0	480	0	526	0	0	498	0	644	0	0	0	307	498	0	0	0	498	0	498	0
0	330	0	676	0	0	0	0	0	0	676	0	0	399	330	563	522	506	676	522	502	528	0	964	563	528	676	522	0	528	522	0	522	0	399	330	399	0	330	640	0	528	399	399	307	502	330	640	528	0	399	528	330	502	307	964	0	502	640	528	330	498	640	563	640	528	0	0	563	498	563	0	676	0	640	307	498	563	0	0	498	0	498	563
0	330	0	676	0	0	0	0	0	0	676	0	0	399	330	563	522	506	676	522	502	528	0	964	563	528	676	522	0	528	522	0	522	0	399	330	399	0	330	640	0	528	399	399	307	502	330	640	528	0	399	528	330	502	307	964	0	502	640	528	330	498	640	563	640	528	0	0	563	498	563	0	676	0	640	307	498	563	0	0	498	0	498	563
0	330	0	676	0	0	0	0	0	0	676	0	0	399	330	563	522	506	676	522	502	528	0	964	563	528	676	522	0	528	522	0	522	0	399	330	399	0	330	640	0	528	399	399	307	502	330	640	528	0	399	528	330	502	307	964	0	502	640	528	330	498	640	563	640	528	0	0	563	498	563	0	676	0	640	307	498	563	0	0	498	0	498	563
0	330	0	676	514	0	514	0	0	0	676	0	0	399	330	563	522	514	676	522	502	528	514	964	563	528	676	522	0	528	522	0	522	0	399	330	399	0	330	640	0	528	399	399	348	502	330	640	528	348	399	528	330	502	348	964	0	502	640	528	330	498	640	563	640	528	0	0	563	498	563	0	676	0	640	0	498	563	0	0	498	0	498	563
0	330	0	676	514	0	514	0	0	0	676	0	0	399	330	563	522	514	676	522	502	528	514	964	563	528	676	522	0	528	522	0	522	0	399	330	399	0	330	640	0	528	399	399	348	502	330	640	528	348	399	528	330	502	348	964	0	502	640	528	330	498	640	563	640	528	0	0	563	498	563	0	676	0	640	0	498	563	0	0	498	0	498	563
0	330	0	676	514	0	514	0	0	0	676	0	0	399	330	563	522	514	676	522	502	528	514	964	563	528	676	522	0	528	522	0	522	0	399	330	399	0	330	640	0	528	399	399	348	502	330	640	528	348	399	528	330	502	348	964	0	502	640	528	330	498	640	563	640	528	0	0	563	498	563	0	676	0	640	0	498	563	0	0	498	0	498	563
0	330	0	676	514	0	514	0	0	0	676	0	0	0	330	0	0	514	676	0	0	0	514	0	0	0	676	0	0	0	0	0	0	0	0	330	0	0	330	640	0	0	0	0	348	0	330	640	0	348	0	0	330	0	348	0	0	0	640	0	330	0	640	0	640	0	0	0	0	0	0	0	676	0	640	0	0	0	0	0	0	0	0	0
0	330	0	676	514	0	514	0	0	0	676	0	0	0	330	0	0	514	676	0	0	0	514	0	0	0	676	0	0	0	0	0	0	0	0	330	0	0	330	640	0	0	0	0	348	0	330	640	0	348	0	0	330	0	348	0	0	0	640	0	330	0	640	0	640	0	0	0	0	0	0	0	676	0	640	0	0	0	0	0	0	0	0	0
0	330	0	676	514	0	514	0	0	0	676	0	0	0	330	0	0	514	676	0	0	0	514	0	0	0	676	0	0	0	0	0	0	0	0	330	0	0	330	640	0	0	0	0	348	0	330	640	0	348	0	0	330	0	348	0	0	0	640	0	330	0	640	0	640	0	0	0	0	0	0	0	676	0	640	0	0	0	0	0	0	0	0	0
0	0	0	0	0	0	0	0	0	0	0	0	0	0	0	0	0	0	0	0	0	0	0	0	0	0	0	0	0	0	0	0	0	0	0	0	0	0	0	0	0	0	0	0	0	0	0	0	0	0	0	0	0	0	0	0	0	0	0	0	0	0	0	0	0	0	0	0	0	0	0	0	0	0	0	0	0	0	0	0	0	0	0	0
0	0	0	0	0	0	0	0	0	0	0	0	0	0	0	0	0	0	0	0	0	0	0	0	0	0	0	0	0	0	0	0	0	0	0	0	0	0	0	0	0	0	0	0	0	0	0	0	0	0	0	0	0	0	0	0	0	0	0	0	0	0	0	0	0	0	0	0	0	0	0	0	0	0	0	0	0	0	0	0	0	0	0	0
